# Map file. 
# structure: Mu2E channel \t detector \t channel
# Detectors:
# - 0: scintillator
# - 1: straw
# - 2: MM layer 0
# - 3: MM layer 1
# - 4: MM layer 2
0 0 0
1 1 31
2 1 29
3 1 28
4 4 154
5 4 155
6 4 156
7 4 157
8 4 158
9 4 159
10  4 160
11  4 161
12  4 162
13  4 163
14  4 164
15  4 165
16  4 166
17  4 167
18  4 168
19  4 169
20  4 170
21  4 171
22  4 172
23  4 173
24  4 174
25  4 175
26  4 176
27  4 177
28  4 178
29  4 179
30  4 180
31  4 181
32  4 182
33  4 183
34  4 184
35  4 185
36  4 186
37  4 187
38  4 188
39  4 189
40  4 190
41  4 191
42  4 192
43  4 193
44  4 194
45  4 195
46  4 196
47  4 197
48  4 198
49  4 199
50  4 200
51  4 201
52  4 202
53  4 203
54  4 204
55  4 205
56  4 206
57  4 207
58  4 208
59  4 209
60 0 3
61 1 30
62 1 27
63 1 26
