135 143
137 145
59 145
121 127
123 129
145 153
129 137
121 123
129 135
139 145
121 129
137 145
129 131
115 121
145 151
145 149
137 143
137 141
137 141
127 131
125 129
73 145
129 135
131 137
137 141
123 129
131 137
121 129
121 125
133 137
121 125
117 123
119 123
121 127
113 121
89 121
129 131
105 105
109 113
137 143
137 139
129 129
129 131
121 127
121 125
137 145
131 137
129 137
125 129
113 117
139 145
125 129
129 137
115 121
121 123
123 129
125 129
129 131
91 139
137 139
113 121
71 145
115 121
129 129
