-3 -3
127 129
117 121
107 113
107 161
129 193
115 169
105 159
113 169
121 179
105 161
121 185
113 165
103 153
129 189
129 187
121 185
121 179
121 177
113 163
113 165
81 181
113 171
113 175
121 179
109 163
119 175
105 161
105 157
113 175
105 157
105 157
105 157
105 159
105 155
103 149
113 167
89 135
97 143
121 179
121 177
113 167
113 167
105 161
105 161
121 185
115 171
113 175
113 163
99 149
121 185
111 167
117 177
105 155
105 161
107 165
111 169
113 169
119 173
121 177
97 153
121 185
103 155
113 113
