109 129
113 131
59 129
107 113
111 117
129 137
117 121
105 113
121 125
121 129
113 117
129 135
113 121
105 107
133 139
129 137
121 129
123 131
125 131
115 121
113 117
73 255
115 121
119 123
125 131
111 117
121 125
113 117
107 113
121 129
111 113
105 111
107 113
107 113
105 107
109 113
113 121
91 97
97 105
129 131
123 129
113 121
115 123
107 113
109 115
129 135
121 129
117 121
113 117
99 105
129 133
113 119
121 125
105 109
105 113
113 117
113 117
113 121
123 129
121 125
105 107
121 137
103 107
115 121
