145 149
145 153
59 145
129 133
129 133
153 159
137 141
129 129
135 139
145 153
129 135
147 153
133 137
121 129
153 157
153 155
145 153
145 149
145 149
131 137
131 137
73 153
137 141
141 145
145 147
129 133
137 145
129 135
129 129
139 145
129 131
125 129
125 129
129 131
121 129
57 127
135 137
107 113
113 119
145 147
145 147
133 137
65 137
129 133
129 131
97 153
65 141
139 145
131 137
121 121
73 153
133 137
139 145
123 129
129 131
131 137
131 137
137 139
65 145
143 145
121 127
71 153
123 129
129 137
