121 135
129 143
65 137
113 121
113 121
137 145
123 129
113 117
121 129
129 137
119 121
135 139
121 125
105 113
137 145
137 143
129 137
129 137
129 137
121 125
121 123
81 139
121 129
125 129
129 137
115 121
127 131
115 121
113 119
129 131
115 121
113 115
113 119
113 119
111 113
113 117
121 127
97 99
105 107
131 137
129 135
121 127
121 129
113 121
113 121
133 139
125 131
125 129
117 121
105 111
131 137
121 123
125 129
113 115
113 117
117 121
119 123
121 127
129 137
129 131
107 113
75 141
109 113
121 129
