137 145
145 153
65 145
129 129
129 129
153 155
137 137
121 129
133 137
145 147
129 131
145 151
131 137
121 123
149 155
145 153
145 147
139 147
141 147
129 133
129 133
73 147
135 137
137 143
141 145
129 131
137 143
129 129
123 129
137 143
123 129
121 127
121 129
127 129
121 123
57 123
131 135
105 109
113 115
143 145
139 145
131 137
65 137
127 129
125 129
145 149
65 139
137 139
129 133
113 121
145 147
129 135
137 143
121 125
123 129
129 131
129 135
129 137
73 143
137 145
121 123
69 151
121 123
129 135
