"tiger #","tiger channel","detector","channel",,"tiger #","tiger channel","detector","channel",,"tiger #","tiger channel","detector","channel",,"tiger #","tiger channel","detector","channel"
0,0,"MM0",128,,2,0,"MM1",233,,4,0,"MM2",128,,6,1,"MM3",205
0,1,"MM0",153,,2,1,"MM1",208,,4,1,"MM2",153,,6,3,"MM3",181
0,2,"MM0",126,,2,2,"MM1",235,,4,2,"MM2",126,,6,4,"MM3",211
0,3,"MM0",177,,2,3,"MM1",184,,4,3,"MM2",177,,6,5,"MM3",175
0,4,"MM0",144,,2,4,"MM1",217,,4,4,"MM2",144,,6,6,"MM3",209
0,5,"MM0",183,,2,5,"MM1",178,,4,5,"MM2",183,,6,7,"MM3",180
0,6,"MM0",142,,2,6,"MM1",219,,4,6,"MM2",142,,6,9,"MM3",177
0,7,"MM0",178,,2,7,"MM1",183,,4,7,"MM2",178,,6,10,"MM3",213
0,8,"MM0",146,,2,8,"MM1",215,,4,8,"MM2",146,,6,11,"MM3",193
0,9,"MM0",181,,2,9,"MM1",180,,4,9,"MM2",181,,6,12,"MM3",210
0,10,"MM0",149,,2,10,"MM1",212,,4,10,"MM2",149,,6,13,"MM3",179
0,11,"MM0",165,,2,11,"MM1",196,,4,11,"MM2",165,,6,15,"MM3",201
0,12,"MM0",143,,2,12,"MM1",218,,4,12,"MM2",143,,6,17,"MM3",191
0,13,"MM0",179,,2,13,"MM1",182,,4,13,"MM2",179,,6,19,"MM3",200
0,14,"MM0",134,,2,14,"MM1",227,,4,14,"MM2",134,,6,23,"MM3",212
0,15,"MM0",157,,2,15,"MM1",204,,4,15,"MM2",157,,6,25,"MM3",197
0,16,"MM0",130,,2,16,"MM1",231,,4,16,"MM2",130,,6,27,"MM3",195
0,17,"MM0",167,,2,17,"MM1",194,,4,17,"MM2",167,,6,29,"MM3",204
0,18,"MM0",131,,2,18,"MM1",230,,4,18,"MM2",131,,6,31,"MM3",203
0,19,"MM0",158,,2,19,"MM1",203,,4,19,"MM2",158,,6,32,"MM3",182
0,20,"MM0",123,,2,20,"MM1",238,,4,20,"MM2",123,,6,33,"MM3",208
0,21,"MM0",147,,2,21,"MM1",214,,4,21,"MM2",147,,6,34,"MM3",183
0,22,"MM0",125,,2,22,"MM1",236,,4,22,"MM2",125,,6,35,"MM3",206
0,23,"MM0",145,,2,23,"MM1",216,,4,23,"MM2",145,,6,37,"MM3",192
0,24,"MM0",124,,2,24,"MM1",237,,4,24,"MM2",124,,6,39,"MM3",199
0,25,"MM0",161,,2,25,"MM1",200,,4,25,"MM2",161,,6,41,"MM3",207
0,26,"NC",0,,2,26,"NC",0,,4,26,"NC",0,,6,42,"MM3",176
0,27,"MM0",163,,2,27,"MM1",198,,4,27,"MM2",163,,6,43,"MM3",187
0,28,"NC",0,,2,28,"NC",0,,4,28,"NC",0,,6,44,"MM3",185
0,29,"MM0",154,,2,29,"MM1",207,,4,29,"MM2",154,,6,46,"MM3",184
0,30,"MM0",133,,2,30,"MM1",228,,4,30,"MM2",133,,6,49,"MM3",202
0,31,"MM0",155,,2,31,"MM1",206,,4,31,"MM2",155,,6,51,"MM3",194
0,32,"MM0",176,,2,32,"MM1",185,,4,32,"MM2",176,,6,53,"MM3",190
0,33,"MM0",150,,2,33,"MM1",211,,4,33,"MM2",150,,6,54,"MM3",189
0,34,"MM0",175,,2,34,"MM1",186,,4,34,"MM2",175,,6,55,"MM3",198
0,35,"MM0",152,,2,35,"MM1",209,,4,35,"MM2",152,,6,56,"MM3",186
0,36,"MM0",129,,2,36,"MM1",232,,4,36,"MM2",129,,6,58,"MM3",178
0,37,"MM0",166,,2,37,"MM1",195,,4,37,"MM2",166,,6,59,"MM3",188
0,38,"MM0",132,,2,38,"MM1",229,,4,38,"MM2",132,,6,60,"MM3",196
0,39,"MM0",159,,2,39,"MM1",202,,4,39,"MM2",159,,7,1,"MM3",158
0,40,"MM0",137,,2,40,"MM1",224,,4,40,"MM2",137,,7,2,"MM3",165
0,41,"MM0",151,,2,41,"MM1",210,,4,41,"MM2",151,,7,5,"MM3",170
0,42,"MM0",182,,2,42,"MM1",179,,4,42,"MM2",182,,7,6,"MM3",153
0,43,"MM0",171,,2,43,"MM1",190,,4,43,"MM2",171,,7,7,"MM3",157
0,44,"MM0",173,,2,44,"MM1",188,,4,44,"MM2",173,,7,8,"MM3",168
0,45,"MM0",140,,2,45,"MM1",221,,4,45,"MM2",140,,7,9,"MM3",154
0,46,"MM0",174,,2,46,"MM1",187,,4,46,"MM2",174,,7,10,"MM3",169
0,47,"MM0",148,,2,47,"MM1",213,,4,47,"MM2",148,,7,13,"MM3",160
0,48,"MM0",127,,2,48,"MM1",234,,4,48,"MM2",127,,7,14,"Straw",25
0,49,"MM0",156,,2,49,"MM1",205,,4,49,"MM2",156,,7,17,"MM3",166
0,50,"MM0",139,,2,50,"MM1",222,,4,50,"MM2",139,,7,18,"MM3",172
0,51,"MM0",164,,2,51,"MM1",197,,4,51,"MM2",164,,7,21,"MM3",167
0,52,"MM0",138,,2,52,"MM1",223,,4,52,"MM2",138,,7,22,"Scint",0
0,53,"MM0",168,,2,53,"MM1",193,,4,53,"MM2",168,,7,23,"Straw",24
0,54,"MM0",169,,2,54,"MM1",192,,4,54,"MM2",169,,7,24,"MM3",171
0,55,"MM0",160,,2,55,"MM1",201,,4,55,"MM2",160,,7,25,"MM3",155
0,56,"MM0",172,,2,56,"MM1",189,,4,56,"MM2",172,,7,26,"Straw",26
0,57,"MM0",141,,2,57,"MM1",220,,4,57,"MM2",141,,7,27,"MM3",159
0,58,"MM0",180,,2,58,"MM1",181,,4,58,"MM2",180,,7,28,"Straw",28
0,59,"MM0",170,,2,59,"MM1",191,,4,59,"MM2",170,,7,29,"MM3",156
0,60,"MM0",162,,2,60,"MM1",199,,4,60,"MM2",162,,7,30,"MM3",173
0,61,"MM0",136,,2,61,"MM1",225,,4,61,"MM2",136,,7,31,"MM3",161
1,0,"MM0",228,,3,0,"MM1",133,,5,0,"MM2",228,,7,32,"MM3",174
1,1,"MM0",200,,3,1,"MM1",161,,5,1,"MM2",200,,7,33,"MM3",150
1,2,"MM0",193,,3,2,"MM1",168,,5,2,"MM2",193,,7,35,"MM3",162
1,3,"MM0",218,,3,3,"MM1",143,,5,3,"MM2",218,,7,37,"MM3",152
1,4,"MM0",221,,3,4,"MM1",140,,5,4,"MM2",221,,7,39,"MM3",151
1,5,"MM0",188,,3,5,"MM1",173,,5,5,"MM2",188,,7,43,"NC",0
1,6,"MM0",205,,3,6,"MM1",156,,5,6,"MM2",205,,7,46,"Scint",1
1,7,"MM0",201,,3,7,"MM1",160,,5,7,"MM2",201,,7,50,"Straw",29
1,8,"MM0",190,,3,8,"MM1",171,,5,8,"MM2",190,,7,51,"Straw",27
1,9,"MM0",204,,3,9,"MM1",157,,5,9,"MM2",204,,7,53,"MM3",164
1,10,"MM0",189,,3,10,"MM1",172,,5,10,"MM2",189,,7,57,"MM3",163
1,11,"MM0",219,,3,11,"MM1",142,,5,11,"MM2",219,,,,,
1,12,"MM0",222,,3,12,"MM1",139,,5,12,"MM2",222,,,,,
1,13,"MM0",198,,3,13,"MM1",163,,5,13,"MM2",198,,,,,
1,14,"MM0",226,,3,14,"MM1",135,,5,14,"MM2",226,,,,,
1,15,"MM0",225,,3,15,"MM1",136,,5,15,"MM2",225,,,,,
1,16,"MM0",234,,3,16,"MM1",127,,5,16,"MM2",234,,,,,
1,17,"MM0",192,,3,17,"MM1",169,,5,17,"MM2",192,,,,,
1,18,"MM0",186,,3,18,"MM1",175,,5,18,"MM2",186,,,,,
1,19,"MM0",224,,3,19,"MM1",137,,5,19,"MM2",224,,,,,
1,20,"MM0",233,,3,20,"MM1",128,,5,20,"MM2",233,,,,,
1,21,"MM0",191,,3,21,"MM1",170,,5,21,"MM2",191,,,,,
1,22,"MM0",220,,3,22,"MM1",141,,5,22,"MM2",220,,,,,
1,23,"MM0",223,,3,23,"MM1",138,,5,23,"MM2",223,,,,,
1,24,"MM0",187,,3,24,"MM1",174,,5,24,"MM2",187,,,,,
1,25,"MM0",203,,3,25,"MM1",158,,5,25,"MM2",203,,,,,
1,26,"MM0",229,,3,26,"MM1",132,,5,26,"MM2",229,,,,,
1,27,"MM0",199,,3,27,"MM1",162,,5,27,"MM2",199,,,,,
1,28,"MM0",235,,3,28,"MM1",126,,5,28,"MM2",235,,,,,
1,29,"MM0",202,,3,29,"MM1",159,,5,29,"MM2",202,,,,,
1,30,"MM0",185,,3,30,"MM1",176,,5,30,"MM2",185,,,,,
1,31,"MM0",197,,3,31,"MM1",164,,5,31,"MM2",197,,,,,
1,32,"MM0",184,,3,32,"MM1",177,,5,32,"MM2",184,,,,,
1,33,"MM0",208,,3,33,"MM1",153,,5,33,"MM2",208,,,,,
1,34,"NC",0,,3,34,"NC",0,,5,34,"NC",0,,,,,
1,35,"MM0",196,,3,35,"MM1",165,,5,35,"MM2",196,,,,,
1,36,"NC",0,,3,36,"NC",0,,5,36,"NC",0,,,,,
1,37,"MM0",206,,3,37,"MM1",155,,5,37,"MM2",206,,,,,
1,38,"NC",0,,3,38,"NC",0,,5,38,"NC",0,,,,,
1,39,"MM0",207,,3,39,"MM1",154,,5,39,"MM2",207,,,,,
1,40,"NC",0,,3,40,"NC",0,,5,40,"NC",0,,,,,
1,41,"MM0",210,,3,41,"MM1",151,,5,41,"MM2",210,,,,,
1,42,"NC",0,,3,42,"NC",0,,5,42,"NC",0,,,,,
1,43,"MM0",209,,3,43,"MM1",152,,5,43,"MM2",209,,,,,
1,44,"NC",0,,3,44,"NC",0,,5,44,"NC",0,,,,,
1,45,"MM0",213,,3,45,"MM1",148,,5,45,"MM2",213,,,,,
1,46,"NC",0,,3,46,"NC",0,,5,46,"NC",0,,,,,
1,47,"MM0",212,,3,47,"MM1",149,,5,47,"MM2",212,,,,,
1,48,"NC",0,,3,48,"NC",0,,5,48,"NC",0,,,,,
1,49,"MM0",230,,3,49,"MM1",131,,5,49,"MM2",230,,,,,
1,50,"MM0",238,,3,50,"MM1",123,,5,50,"MM2",238,,,,,
1,51,"MM0",232,,3,51,"MM1",129,,5,51,"MM2",232,,,,,
1,52,"NC",0,,3,52,"NC",0,,5,52,"NC",0,,,,,
1,53,"MM0",194,,3,53,"MM1",167,,5,53,"MM2",194,,,,,
1,54,"MM0",211,,3,54,"MM1",150,,5,54,"MM2",211,,,,,
1,55,"MM0",231,,3,55,"MM1",130,,5,55,"MM2",231,,,,,
1,56,"MM0",237,,3,56,"MM1",124,,5,56,"MM2",237,,,,,
1,57,"MM0",195,,3,57,"MM1",166,,5,57,"MM2",195,,,,,
1,58,"NC",0,,3,58,"NC",0,,5,58,"NC",0,,,,,
1,59,"MM0",236,,3,59,"MM1",125,,5,59,"MM2",236,,,,,
1,60,"MM0",227,,3,60,"MM1",134,,5,60,"MM2",227,,,,,
1,61,"MM0",135,,3,61,"MM1",226,,5,61,"MM2",135,,,,,
