# Generated from RUN_1 SubRUN_0_GEMROC_0_TL
0 0 0 140 344
0 0 1 129 330
0 0 2 147 348
0 0 3 133 342
0 0 4 135 335
0 0 5 136 347
0 0 6 144 364
0 0 7 151 346
0 0 8 135 342
0 0 9 134 330
0 0 10 136 346
0 0 11 136 341
0 0 12 136 340
0 0 13 138 338
0 0 14 143 344
0 0 15 123 324
0 0 16 143 356
0 0 17 146 360
0 0 18 140 352
0 0 19 134 319
0 0 20 144 357
0 0 21 137 346
0 0 22 148 355
0 0 23 131 326
0 0 24 132 326
0 0 25 148 351
0 0 26 143 365
0 0 27 136 334
0 0 28 134 347
0 0 29 145 350
0 0 31 143 346
0 0 32 127 325
0 0 33 133 336
0 0 34 136 336
0 0 35 139 333
0 0 36 141 353
0 0 37 152 363
0 0 38 135 341
0 0 39 160 369
0 0 40 135 351
0 0 41 138 342
0 0 42 148 352
0 0 43 151 381
0 0 44 128 327
0 0 45 143 352
0 0 46 131 340
0 0 47 139 351
0 0 48 142 354
0 0 49 140 340
0 0 50 137 338
0 0 51 142 344
0 0 52 133 324
0 0 53 129 337
0 0 54 144 352
0 0 55 146 352
0 0 56 134 328
0 0 57 158 369
0 0 58 140 341
0 0 59 139 358
0 0 61 139 341
0 1 0 139 347
0 1 1 143 365
0 1 2 132 316
0 1 3 146 346
0 1 4 135 320
0 1 5 156 363
0 1 6 142 336
0 1 7 143 354
0 1 8 142 326
0 1 9 145 354
0 1 10 137 333
0 1 11 150 345
0 1 12 142 325
0 1 13 132 335
0 1 14 143 334
0 1 15 147 333
0 1 16 147 359
0 1 17 137 352
0 1 18 153 354
0 1 19 150 365
0 1 20 138 338
0 1 21 143 336
0 1 22 147 343
0 1 23 158 355
0 1 24 145 343
0 1 25 146 342
0 1 26 146 359
0 1 27 144 343
0 1 28 146 348
0 1 29 144 355
0 1 30 139 327
0 1 31 143 341
0 1 33 131 327
0 1 35 143 337
0 1 37 150 365
0 1 39 161 391
0 1 41 134 318
0 1 43 148 350
0 1 45 147 342
0 1 47 136 329
0 1 49 143 344
0 1 50 153 352
0 1 51 144 337
0 1 53 151 357
0 1 54 136 353
0 1 55 137 334
0 1 56 152 355
0 1 57 146 342
0 1 59 134 324
0 1 60 141 329
0 1 61 143 336
0 2 0 141 346
0 2 1 144 335
0 2 2 153 351
0 2 3 142 343
0 2 4 152 349
0 2 5 149 347
0 2 6 137 316
0 2 7 143 326
0 2 8 164 373
0 2 9 145 343
0 2 10 138 328
0 2 11 146 334
0 2 12 155 365
0 2 13 161 349
0 2 14 135 321
0 2 15 143 339
0 2 16 149 343
0 2 17 147 342
0 2 18 142 321
0 2 19 143 351
0 2 20 140 329
0 2 21 167 350
0 2 22 161 359
0 2 23 147 342
0 2 24 146 340
0 2 25 136 322
0 2 26 142 337
0 2 27 151 370
0 2 28 144 339
0 2 29 147 344
0 2 31 144 329
0 2 32 147 330
0 2 33 151 330
0 2 35 143 334
0 2 36 138 336
0 2 37 158 346
0 2 38 138 338
0 2 39 139 322
0 2 40 146 332
0 2 41 137 324
0 2 43 146 351
0 2 44 140 321
0 2 45 144 340
0 2 46 157 363
0 2 47 148 337
0 2 48 146 341
0 2 49 154 345
0 2 51 134 329
0 2 52 151 350
0 2 53 147 353
0 2 55 155 345
0 2 56 138 338
0 2 57 143 345
0 2 58 141 333
0 2 59 145 342
0 2 61 131 334
0 3 0 150 356
0 3 1 147 350
0 3 2 147 361
0 3 3 136 346
0 3 4 134 350
0 3 5 135 329
0 3 6 146 356
0 3 7 148 350
0 3 8 132 324
0 3 9 132 335
0 3 10 143 343
0 3 11 121 317
0 3 12 130 334
0 3 13 140 360
0 3 14 137 341
0 3 15 129 333
0 3 16 155 352
0 3 17 148 356
0 3 18 139 336
0 3 19 146 351
0 3 20 123 321
0 3 21 153 335
0 3 22 130 327
0 3 23 150 365
0 3 24 159 378
0 3 25 133 330
0 3 26 131 318
0 3 27 147 324
0 3 28 137 345
0 3 29 138 339
0 3 30 137 327
0 3 31 148 358
0 3 33 154 346
0 3 35 123 325
0 3 37 143 337
0 3 39 160 349
0 3 41 138 324
0 3 43 139 326
0 3 45 146 344
0 3 47 137 337
0 3 49 140 329
0 3 50 131 344
0 3 51 141 331
0 3 53 154 343
0 3 54 134 337
0 3 55 134 336
0 3 56 129 336
0 3 57 132 334
0 3 59 132 338
0 3 60 146 348
0 3 61 141 358
0 4 0 142 362
0 4 1 205 474
0 4 2 118 326
0 4 3 149 357
0 4 4 110 313
0 4 5 84 310
0 4 6 126 337
0 4 7 132 347
0 4 8 107 315
0 4 9 224 529
0 4 11 146 370
0 4 12 99 308
0 4 13 163 393
0 4 14 155 378
0 4 15 128 331
0 4 16 129 331
0 4 17 145 361
0 4 18 163 341
0 4 19 116 333
0 4 20 120 346
0 4 21 120 340
0 4 22 0 1023
0 4 23 141 354
0 4 24 119 333
0 4 25 120 342
0 4 26 116 335
0 4 27 200 448
0 4 28 165 400
0 4 29 117 326
0 4 31 116 309
0 4 32 143 357
0 4 33 139 342
0 4 34 130 348
0 4 35 147 387
0 4 36 105 318
0 4 37 128 348
0 4 38 169 392
0 4 39 128 339
0 4 40 144 369
0 4 41 135 346
0 4 42 148 355
0 4 43 245 587
0 4 44 108 323
0 4 45 144 357
0 4 46 145 358
0 4 47 121 358
0 4 48 137 364
0 4 49 186 423
0 4 50 109 330
0 4 52 105 315
0 4 53 194 499
0 4 54 160 357
0 4 55 131 360
0 4 56 151 386
0 4 57 0 1023
0 4 58 110 325
0 4 59 186 418
0 4 61 142 360
0 5 0 132 319
0 5 1 119 318
0 5 2 157 393
0 5 3 169 390
0 5 4 163 381
0 5 5 131 335
0 5 6 133 321
0 5 7 151 345
0 5 8 149 347
0 5 9 123 307
0 5 10 140 335
0 5 11 131 336
0 5 12 123 327
0 5 13 120 316
0 5 14 126 315
0 5 15 148 334
0 5 16 148 339
0 5 17 130 311
0 5 19 113 303
0 5 20 140 323
0 5 21 140 341
0 5 22 141 328
0 5 23 169 381
0 5 24 114 323
0 5 25 141 347
0 5 26 145 340
0 5 27 139 338
0 5 28 168 372
0 5 29 138 341
0 5 30 143 345
0 5 31 137 340
0 5 33 143 335
0 5 35 133 318
0 5 37 155 365
0 5 39 145 338
0 5 41 130 323
0 5 43 196 556
0 5 45 130 332
0 5 47 147 348
0 5 49 114 298
0 5 50 131 330
0 5 51 132 324
0 5 53 144 343
0 5 55 148 344
0 5 56 136 332
0 5 57 126 338
0 5 59 135 327
0 5 60 144 335
0 5 61 139 328
0 6 0 161 317
0 6 1 137 316
0 6 2 218 240
0 6 3 122 294
0 6 4 136 307
0 6 6 161 319
0 6 7 143 327
0 6 8 144 298
0 6 9 153 327
0 6 10 163 340
0 6 11 148 330
0 6 13 124 315
0 6 14 133 315
0 6 15 132 300
0 6 17 145 317
0 6 19 136 318
0 6 21 144 316
0 6 23 137 319
0 6 24 147 304
0 6 25 124 313
0 6 27 158 329
0 6 32 144 320
0 6 33 181 181
0 6 34 155 343
0 6 35 131 300
0 6 37 139 321
0 6 38 156 285
0 6 40 131 319
0 6 41 135 322
0 6 42 159 333
0 6 43 158 346
0 6 49 130 310
0 6 51 141 324
0 6 53 160 343
0 6 55 137 307
0 7 1 114 296
0 7 2 0 1023
0 7 5 138 308
0 7 6 123 309
0 7 7 132 312
0 7 8 152 333
0 7 9 193 385
0 7 10 202 436
0 7 13 150 325
0 7 17 180 375
0 7 18 170 369
0 7 21 211 531
0 7 22 142 332
0 7 23 120 301
0 7 24 149 330
0 7 25 104 293
0 7 26 129 333
0 7 27 158 340
0 7 28 106 286
0 7 29 269 616
0 7 30 106 278
0 7 33 123 311
0 7 35 107 294
0 7 37 120 309
0 7 39 148 343
0 7 46 112 305
0 7 50 165 358
0 7 51 86 280
0 7 53 137 308
0 7 57 152 342
