0 0 0 0 320 179
0 0 0 1 310 162
0 0 0 2 305 162
0 0 0 3 307 165
0 0 1 0 301 165
0 0 1 1 287 151
0 0 1 2 288 149
0 0 1 3 288 152
0 0 2 0 327 183
0 0 2 1 313 167
0 0 2 2 314 170
0 0 2 3 312 168
0 0 3 0 320 176
0 0 3 1 302 160
0 0 3 2 303 159
0 0 3 3 303 161
0 0 4 0 316 175
0 0 4 1 305 160
0 0 4 2 302 161
0 0 4 3 300 159
0 0 5 0 322 176
0 0 5 1 309 163
0 0 5 2 307 162
0 0 5 3 308 161
0 0 6 0 336 187
0 0 6 1 322 172
0 0 6 2 322 172
0 0 6 3 319 172
0 0 7 0 324 177
0 0 7 1 312 165
0 0 7 2 311 166
0 0 7 3 310 164
0 0 8 0 321 176
0 0 8 1 305 163
0 0 8 2 303 159
0 0 8 3 304 160
0 0 9 0 308 167
0 0 9 1 291 155
0 0 9 2 291 150
0 0 9 3 293 152
0 0 10 0 323 180
0 0 10 1 307 164
0 0 10 2 305 162
0 0 10 3 306 160
0 0 11 0 313 172
0 0 11 1 298 157
0 0 11 2 297 155
0 0 11 3 298 156
0 0 12 0 310 167
0 0 12 1 299 156
0 0 12 2 297 156
0 0 12 3 300 155
0 0 13 0 313 172
0 0 13 1 301 160
0 0 13 2 303 160
0 0 13 3 299 161
0 0 14 0 321 180
0 0 14 1 305 165
0 0 14 2 307 163
0 0 14 3 305 165
0 0 15 0 296 161
0 0 15 1 284 150
0 0 15 2 283 147
0 0 15 3 286 151
0 0 16 0 327 183
0 0 16 1 316 168
0 0 16 2 309 176
0 0 16 3 313 167
0 0 17 0 335 185
0 0 17 1 318 168
0 0 17 2 320 168
0 0 17 3 318 168
0 0 18 0 318 178
0 0 18 1 307 163
0 0 18 2 304 161
0 0 18 3 305 161
0 0 19 0 297 163
0 0 19 1 284 151
0 0 19 2 284 149
0 0 19 3 282 147
0 0 21 0 320 175
0 0 21 1 308 162
0 0 21 2 308 164
0 0 21 3 305 160
0 0 22 0 326 176
0 0 22 1 313 166
0 0 22 2 315 169
0 0 22 3 312 165
0 0 23 0 307 172
0 0 23 1 293 155
0 0 23 2 291 152
0 0 23 3 293 153
0 0 24 0 302 165
0 0 24 1 289 157
0 0 24 2 289 153
0 0 24 3 287 150
0 0 25 0 323 180
0 0 25 1 308 164
0 0 25 2 310 165
0 0 25 3 305 163
0 0 27 0 311 170
0 0 27 1 299 156
0 0 27 2 298 156
0 0 27 3 295 155
0 0 29 0 322 178
0 0 29 1 306 164
0 0 29 2 309 165
0 0 29 3 306 163
0 0 30 0 316 173
0 0 30 1 303 161
0 0 30 2 301 160
0 0 30 3 301 158
0 0 31 0 322 173
0 0 31 1 311 163
0 0 31 2 311 161
0 0 31 3 309 161
0 0 32 0 297 164
0 0 32 1 284 151
0 0 32 2 282 150
0 0 32 3 287 151
0 0 33 0 308 169
0 0 33 1 295 155
0 0 33 2 291 154
0 0 33 3 292 155
0 0 34 0 313 171
0 0 34 1 301 159
0 0 34 2 298 159
0 0 34 3 299 158
0 0 35 0 312 174
0 0 35 1 298 159
0 0 35 2 296 156
0 0 35 3 298 159
0 0 36 0 326 179
0 0 36 1 313 166
0 0 36 2 308 160
0 0 36 3 310 163
0 0 37 0 339 187
0 0 37 1 324 170
0 0 37 2 325 173
0 0 37 3 325 172
0 0 38 0 317 172
0 0 38 1 302 158
0 0 38 2 303 158
0 0 38 3 302 158
0 0 39 0 340 190
0 0 39 1 323 172
0 0 39 2 325 173
0 0 39 3 325 174
0 0 40 0 328 178
0 0 40 1 313 168
0 0 40 2 310 160
0 0 40 3 312 162
0 0 41 0 315 173
0 0 41 1 305 163
0 0 41 2 303 164
0 0 41 3 304 164
0 0 42 0 325 179
0 0 42 1 310 165
0 0 42 2 314 169
0 0 42 3 313 169
0 0 43 0 346 191
0 0 43 1 331 174
0 0 43 2 325 170
0 0 43 3 326 170
0 0 44 0 304 163
0 0 44 1 291 150
0 0 44 2 291 152
0 0 44 3 289 149
0 0 45 0 319 176
0 0 45 1 308 162
0 0 45 2 311 165
0 0 45 3 307 161
0 0 46 0 312 169
0 0 46 1 298 156
0 0 46 2 297 154
0 0 46 3 297 155
0 0 47 0 325 176
0 0 47 1 311 163
0 0 47 2 310 160
0 0 47 3 310 161
0 0 48 0 326 178
0 0 48 1 313 166
0 0 48 2 314 165
0 0 48 3 312 164
0 0 49 0 317 170
0 0 49 1 305 160
0 0 49 2 303 160
0 0 49 3 303 158
0 0 50 0 318 178
0 0 50 1 305 164
0 0 50 2 304 163
0 0 50 3 306 164
0 0 51 0 317 173
0 0 51 1 303 160
0 0 51 2 304 161
0 0 51 3 304 161
0 0 52 0 302 166
0 0 52 1 288 150
0 0 52 2 289 152
0 0 52 3 288 152
0 0 53 0 314 169
0 0 53 1 299 157
0 0 53 2 298 153
0 0 53 3 298 156
0 0 54 0 323 175
0 0 54 1 308 163
0 0 54 2 310 164
0 0 54 3 310 163
0 0 55 0 326 178
0 0 55 1 312 165
0 0 55 2 311 166
0 0 55 3 310 162
0 0 56 0 307 167
0 0 56 1 296 153
0 0 56 2 297 155
0 0 56 3 297 154
0 0 57 0 344 192
0 0 57 1 331 178
0 0 57 2 332 174
0 0 57 3 330 173
0 0 58 0 311 173
0 0 58 1 297 159
0 0 58 2 296 160
0 0 58 3 299 161
0 0 59 0 332 182
0 0 59 1 318 166
0 0 59 2 314 161
0 0 59 3 319 166
0 0 60 0 320 178
0 0 60 1 304 160
0 0 60 2 301 161
0 0 60 3 306 163
0 0 61 0 317 173
0 0 61 1 302 161
0 0 61 2 301 158
0 0 61 3 302 159
0 0 62 0 303 164
0 0 62 1 289 149
0 0 62 2 291 151
0 0 62 3 289 149
0 0 63 0 318 173
0 0 63 1 304 160
0 0 63 2 303 159
0 0 63 3 305 160
0 1 0 0 324 178
0 1 0 1 310 164
0 1 0 2 309 163
0 1 0 3 309 163
0 1 1 0 341 188
0 1 1 1 325 173
0 1 1 2 325 175
0 1 1 3 326 172
0 1 2 0 300 165
0 1 2 1 287 152
0 1 2 2 287 152
0 1 2 3 287 151
0 1 3 0 326 181
0 1 3 1 311 164
0 1 3 2 308 164
0 1 3 3 311 165
0 1 4 0 305 167
0 1 4 1 291 159
0 1 4 2 291 154
0 1 4 3 286 153
0 1 5 0 345 198
0 1 5 1 329 177
0 1 5 2 331 179
0 1 5 3 327 177
0 1 6 0 314 172
0 1 6 1 301 158
0 1 6 2 298 156
0 1 6 3 297 153
0 1 7 0 327 180
0 1 7 1 315 168
0 1 7 2 312 164
0 1 7 3 310 163
0 1 8 0 309 170
0 1 8 1 298 159
0 1 8 2 297 156
0 1 8 3 297 158
0 1 9 0 326 180
0 1 9 1 314 167
0 1 9 2 310 163
0 1 9 3 312 165
0 1 10 0 312 171
0 1 10 1 299 157
0 1 10 2 299 158
0 1 10 3 299 156
0 1 11 0 322 179
0 1 11 1 311 167
0 1 11 2 307 167
0 1 11 3 309 164
0 1 12 0 304 168
0 1 12 1 290 153
0 1 12 2 293 158
0 1 12 3 293 157
0 1 13 0 307 167
0 1 13 1 293 154
0 1 13 2 295 155
0 1 13 3 293 153
0 1 14 0 313 174
0 1 14 1 300 159
0 1 14 2 299 160
0 1 14 3 300 160
0 1 15 0 314 177
0 1 15 1 301 164
0 1 15 2 302 163
0 1 15 3 303 166
0 1 16 0 337 187
0 1 16 1 321 171
0 1 16 2 323 171
0 1 16 3 321 172
0 1 17 0 322 173
0 1 17 1 309 159
0 1 17 2 306 158
0 1 17 3 306 159
0 1 18 0 337 184
0 1 18 1 321 169
0 1 18 2 318 166
0 1 18 3 320 169
0 1 19 0 339 187
0 1 19 1 326 173
0 1 19 2 323 170
0 1 19 3 324 171
0 1 20 0 317 171
0 1 20 1 307 160
0 1 20 2 301 155
0 1 20 3 301 156
0 1 21 0 317 176
0 1 21 1 306 161
0 1 21 2 302 158
0 1 21 3 304 159
0 1 22 0 321 176
0 1 22 1 304 158
0 1 22 2 306 159
0 1 22 3 304 158
0 1 23 0 333 185
0 1 23 1 321 178
0 1 23 2 320 173
0 1 23 3 320 171
0 1 24 0 321 179
0 1 24 1 308 163
0 1 24 2 306 164
0 1 24 3 304 160
0 1 25 0 321 177
0 1 25 1 307 163
0 1 25 2 306 164
0 1 25 3 306 165
0 1 26 0 335 182
0 1 26 1 320 169
0 1 26 2 317 166
0 1 26 3 318 168
0 1 27 0 324 179
0 1 27 1 310 166
0 1 27 2 307 163
0 1 27 3 307 164
0 1 28 0 325 179
0 1 28 1 309 164
0 1 28 2 307 163
0 1 28 3 307 161
0 1 29 0 330 184
0 1 29 1 313 164
0 1 29 2 314 166
0 1 29 3 313 166
0 1 30 0 306 164
0 1 30 1 295 153
0 1 30 2 294 152
0 1 30 3 294 152
0 1 31 0 319 175
0 1 31 1 304 159
0 1 31 2 305 160
0 1 31 3 303 159
0 1 32 0 335 184
0 1 32 1 323 173
0 1 32 2 322 171
0 1 32 3 321 171
0 1 33 0 307 167
0 1 33 1 291 151
0 1 33 2 292 152
0 1 33 3 291 152
0 1 35 0 318 176
0 1 35 1 304 162
0 1 35 2 302 161
0 1 35 3 303 161
0 1 37 0 339 189
0 1 37 1 320 170
0 1 37 2 319 171
0 1 37 3 319 169
0 1 39 0 360 198
0 1 39 1 346 183
0 1 39 2 345 183
0 1 39 3 343 179
0 1 41 0 293 162
0 1 41 1 281 150
0 1 41 2 283 149
0 1 41 3 283 149
0 1 43 0 326 180
0 1 43 1 309 164
0 1 43 2 310 167
0 1 43 3 311 166
0 1 45 0 320 178
0 1 45 1 308 164
0 1 45 2 307 167
0 1 45 3 306 162
0 1 47 0 306 166
0 1 47 1 292 153
0 1 47 2 292 153
0 1 47 3 294 153
0 1 49 0 323 180
0 1 49 1 302 163
0 1 49 2 306 162
0 1 49 3 306 162
0 1 51 0 313 173
0 1 51 1 299 159
0 1 51 2 299 159
0 1 51 3 298 159
0 1 53 0 331 182
0 1 53 1 317 166
0 1 53 2 317 167
0 1 53 3 316 168
0 1 54 0 326 179
0 1 54 1 309 161
0 1 54 2 305 163
0 1 54 3 307 160
0 1 55 0 315 172
0 1 55 1 304 158
0 1 55 2 304 158
0 1 55 3 301 157
0 1 56 0 335 186
0 1 56 1 321 172
0 1 56 2 318 172
0 1 56 3 316 169
0 1 57 0 318 180
0 1 57 1 308 164
0 1 57 2 305 164
0 1 57 3 307 164
0 1 59 0 303 163
0 1 59 1 290 153
0 1 59 2 289 151
0 1 59 3 286 149
0 1 60 0 308 169
0 1 60 1 297 155
0 1 60 2 297 159
0 1 60 3 296 155
0 1 61 0 318 174
0 1 61 1 306 162
0 1 61 2 304 162
0 1 61 3 303 159
0 1 62 0 343 190
0 1 62 1 329 176
0 1 62 2 329 176
0 1 62 3 329 175
0 1 63 0 302 166
0 1 63 1 289 153
0 1 63 2 289 153
0 1 63 3 289 152
0 2 0 0 326 180
0 2 0 1 311 163
0 2 0 2 313 166
0 2 0 3 311 163
0 2 1 0 315 175
0 2 1 1 304 164
0 2 1 2 305 165
0 2 1 3 304 163
0 2 2 0 336 190
0 2 2 1 320 173
0 2 2 2 321 174
0 2 2 3 320 172
0 2 3 0 328 181
0 2 3 1 315 168
0 2 3 2 315 168
0 2 3 3 317 168
0 2 4 0 335 189
0 2 4 1 320 172
0 2 4 2 321 173
0 2 4 3 321 174
0 2 5 0 328 183
0 2 5 1 314 170
0 2 5 2 315 170
0 2 5 3 313 168
0 2 6 0 300 167
0 2 6 1 289 157
0 2 6 2 291 156
0 2 6 3 289 153
0 2 7 0 307 170
0 2 7 1 294 155
0 2 7 2 293 155
0 2 7 3 293 156
0 2 8 0 355 201
0 2 8 1 340 186
0 2 8 2 339 185
0 2 8 3 338 184
0 2 9 0 326 179
0 2 9 1 314 168
0 2 9 2 312 166
0 2 9 3 312 167
0 2 10 0 311 170
0 2 10 1 300 159
0 2 10 2 298 157
0 2 10 3 298 157
0 2 11 0 321 178
0 2 11 1 309 165
0 2 11 2 308 164
0 2 11 3 306 163
0 2 12 0 345 190
0 2 12 1 331 176
0 2 12 2 329 174
0 2 12 3 333 178
0 2 13 0 332 184
0 2 13 1 320 172
0 2 13 2 320 171
0 2 13 3 320 169
0 2 14 0 299 163
0 2 14 1 287 152
0 2 14 2 289 153
0 2 14 3 288 152
0 2 15 0 322 178
0 2 15 1 309 166
0 2 15 2 307 164
0 2 15 3 308 166
0 2 16 0 327 180
0 2 16 1 312 166
0 2 16 2 313 167
0 2 16 3 313 166
0 2 17 0 327 182
0 2 17 1 315 168
0 2 17 2 315 168
0 2 17 3 314 168
0 2 18 0 307 168
0 2 18 1 295 155
0 2 18 2 293 153
0 2 18 3 294 154
0 2 19 0 322 179
0 2 19 1 312 168
0 2 19 2 309 167
0 2 19 3 309 166
0 2 21 0 328 183
0 2 21 1 315 171
0 2 21 2 314 169
0 2 21 3 314 168
0 2 22 0 339 190
0 2 22 1 328 179
0 2 22 2 326 178
0 2 22 3 325 176
0 2 23 0 326 184
0 2 23 1 310 167
0 2 23 2 310 166
0 2 23 3 310 166
0 2 24 0 321 178
0 2 24 1 308 166
0 2 24 2 307 164
0 2 24 3 309 166
0 2 25 0 305 167
0 2 25 1 291 154
0 2 25 2 290 153
0 2 25 3 292 155
0 2 27 0 349 190
0 2 27 1 332 173
0 2 27 2 332 173
0 2 27 3 332 173
0 2 29 0 321 178
0 2 29 1 307 163
0 2 29 2 307 164
0 2 29 3 306 163
0 2 30 0 313 170
0 2 30 1 301 157
0 2 30 2 299 156
0 2 30 3 301 157
0 2 31 0 312 173
0 2 31 1 301 162
0 2 31 2 298 158
0 2 31 3 299 160
0 2 32 0 314 176
0 2 32 1 301 163
0 2 32 2 301 163
0 2 32 3 302 163
0 2 33 0 315 173
0 2 33 1 304 161
0 2 33 2 303 161
0 2 33 3 303 160
0 2 35 0 312 175
0 2 35 1 301 164
0 2 35 2 297 161
0 2 35 3 300 164
0 2 36 0 313 171
0 2 36 1 299 156
0 2 36 2 299 156
0 2 36 3 301 158
0 2 37 0 331 183
0 2 37 1 319 172
0 2 37 2 318 170
0 2 37 3 318 170
0 2 38 0 318 175
0 2 38 1 306 162
0 2 38 2 303 159
0 2 38 3 304 160
0 2 39 0 306 169
0 2 39 1 294 156
0 2 39 2 292 156
0 2 39 3 294 156
0 2 40 0 317 176
0 2 40 1 305 165
0 2 40 2 304 163
0 2 40 3 306 165
0 2 41 0 308 171
0 2 41 1 294 158
0 2 41 2 296 159
0 2 41 3 295 157
0 2 43 0 316 186
0 2 43 1 307 167
0 2 43 2 300 172
0 2 43 3 306 166
0 2 44 0 306 168
0 2 44 1 294 155
0 2 44 2 293 153
0 2 44 3 293 153
0 2 45 0 322 178
0 2 45 1 309 165
0 2 45 2 308 163
0 2 45 3 308 163
0 2 46 0 341 188
0 2 46 1 326 173
0 2 46 2 325 172
0 2 46 3 325 171
0 2 47 0 323 179
0 2 47 1 313 168
0 2 47 2 310 165
0 2 47 3 309 164
0 2 48 0 317 175
0 2 48 1 307 165
0 2 48 2 305 163
0 2 48 3 305 162
0 2 49 0 326 182
0 2 49 1 312 168
0 2 49 2 313 170
0 2 49 3 312 168
0 2 51 0 311 171
0 2 51 1 298 157
0 2 51 2 294 153
0 2 51 3 295 155
0 2 52 0 331 185
0 2 52 1 319 171
0 2 52 2 317 171
0 2 52 3 318 171
0 2 53 0 328 183
0 2 53 1 317 172
0 2 53 2 315 169
0 2 53 3 316 171
0 2 54 1 293 292
0 2 54 2 300 200
0 2 55 0 329 182
0 2 55 1 318 172
0 2 55 2 317 171
0 2 55 3 317 171
0 2 57 0 329 182
0 2 57 1 315 168
0 2 57 2 315 168
0 2 57 3 313 167
0 2 58 0 317 175
0 2 58 1 305 163
0 2 58 2 302 161
0 2 58 3 301 162
0 2 59 0 321 177
0 2 59 1 307 163
0 2 59 2 307 163
0 2 59 3 308 164
0 2 60 0 316 174
0 2 60 1 304 161
0 2 60 2 304 162
0 2 60 3 304 163
0 2 61 0 313 171
0 2 61 1 301 157
0 2 61 2 299 159
0 2 61 3 300 157
0 2 62 0 323 178
0 2 62 1 251 233
0 2 62 2 205 204
0 2 62 3 283 192
0 2 63 1 183 182
0 3 0 0 340 191
0 3 0 1 323 174
0 3 0 2 324 174
0 3 0 3 321 171
0 3 1 0 333 181
0 3 1 1 317 169
0 3 1 2 317 169
0 3 1 3 316 166
0 3 2 0 345 191
0 3 2 1 328 175
0 3 2 2 326 173
0 3 2 3 329 176
0 3 3 0 328 177
0 3 3 1 315 164
0 3 3 2 312 161
0 3 3 3 313 162
0 3 4 0 331 180
0 3 4 1 315 164
0 3 4 2 313 160
0 3 4 3 315 162
0 3 5 0 315 172
0 3 5 1 300 157
0 3 5 2 298 156
0 3 5 3 299 156
0 3 6 0 340 187
0 3 6 1 321 168
0 3 6 2 321 168
0 3 6 3 321 168
0 3 7 0 330 180
0 3 7 1 317 166
0 3 7 2 313 163
0 3 7 3 316 165
0 3 8 0 308 167
0 3 8 1 295 154
0 3 8 2 294 153
0 3 8 3 292 151
0 3 9 0 316 172
0 3 9 1 299 155
0 3 9 2 303 157
0 3 9 3 300 156
0 3 10 0 326 178
0 3 10 1 309 161
0 3 10 2 308 160
0 3 10 3 307 158
0 3 11 0 301 165
0 3 11 1 285 148
0 3 11 2 285 148
0 3 11 3 285 149
0 3 12 0 320 173
0 3 12 1 304 159
0 3 12 2 303 156
0 3 12 3 302 154
0 3 13 0 340 187
0 3 13 1 322 168
0 3 13 2 321 166
0 3 13 3 321 167
0 3 14 0 323 177
0 3 14 1 308 160
0 3 14 2 308 160
0 3 14 3 308 161
0 3 15 0 317 170
0 3 15 1 298 151
0 3 15 2 297 150
0 3 15 3 297 150
0 3 16 0 335 186
0 3 16 1 322 173
0 3 16 2 321 172
0 3 16 3 320 171
0 3 17 0 338 186
0 3 17 1 320 170
0 3 17 2 320 169
0 3 17 3 319 169
0 3 18 0 315 171
0 3 18 1 303 158
0 3 18 2 299 155
0 3 18 3 299 155
0 3 19 0 337 182
0 3 19 1 323 169
0 3 19 2 319 164
0 3 19 3 322 168
0 3 20 0 303 167
0 3 20 1 289 154
0 3 20 2 288 153
0 3 20 3 289 152
0 3 21 0 318 173
0 3 21 1 304 158
0 3 21 2 305 161
0 3 21 3 305 160
0 3 22 0 311 170
0 3 22 1 299 160
0 3 22 2 296 156
0 3 22 3 298 156
0 3 23 0 346 190
0 3 23 1 331 175
0 3 23 2 330 174
0 3 23 3 328 172
0 3 24 0 354 201
0 3 24 1 334 181
0 3 24 2 336 183
0 3 24 3 335 182
0 3 25 0 311 166
0 3 25 1 297 150
0 3 25 2 296 149
0 3 25 3 297 152
0 3 26 0 303 167
0 3 26 1 287 151
0 3 26 2 289 153
0 3 26 3 287 151
0 3 27 0 310 166
0 3 27 1 295 152
0 3 27 2 294 150
0 3 27 3 295 151
0 3 28 0 323 174
0 3 28 1 306 156
0 3 28 2 308 158
0 3 28 3 309 160
0 3 29 0 319 175
0 3 29 1 305 161
0 3 29 2 301 158
0 3 29 3 305 162
0 3 30 0 309 168
0 3 30 1 295 154
0 3 30 2 297 156
0 3 30 3 294 152
0 3 31 0 337 186
0 3 31 1 319 168
0 3 31 2 320 168
0 3 31 3 317 166
0 3 32 0 325 178
0 3 32 1 309 162
0 3 32 2 310 163
0 3 32 3 311 164
0 3 33 0 325 181
0 3 33 1 310 165
0 3 33 2 307 163
0 3 33 3 308 163
0 3 35 0 306 162
0 3 35 1 290 146
0 3 35 2 288 144
0 3 35 3 290 146
0 3 37 0 319 175
0 3 37 1 303 158
0 3 37 2 302 158
0 3 37 3 302 157
0 3 39 0 334 184
0 3 39 1 318 167
0 3 39 2 315 165
0 3 39 3 316 165
0 3 41 0 306 164
0 3 41 1 289 147
0 3 41 2 288 146
0 3 41 3 286 145
0 3 43 0 308 165
0 3 43 1 294 150
0 3 43 2 293 149
0 3 43 3 292 148
0 3 45 0 328 179
0 3 45 1 311 163
0 3 45 2 310 162
0 3 45 3 310 161
0 3 47 0 320 174
0 3 47 1 302 156
0 3 47 2 302 156
0 3 47 3 304 158
0 3 49 0 312 166
0 3 49 1 297 151
0 3 49 2 295 150
0 3 49 3 296 150
0 3 51 0 315 171
0 3 51 1 300 156
0 3 51 2 298 154
0 3 51 3 298 154
0 3 53 0 324 178
0 3 53 1 309 164
0 3 53 2 307 161
0 3 53 3 309 163
0 3 54 0 320 175
0 3 54 1 305 160
0 3 54 2 303 158
0 3 54 3 304 160
0 3 55 0 316 170
0 3 55 1 304 158
0 3 55 2 303 156
0 3 55 3 303 157
0 3 56 0 321 174
0 3 56 1 305 159
0 3 56 2 303 155
0 3 56 3 305 156
0 3 57 0 315 171
0 3 57 1 297 153
0 3 57 2 299 154
0 3 57 3 298 153
0 3 59 0 321 175
0 3 59 1 305 158
0 3 59 2 302 155
0 3 59 3 303 156
0 3 60 0 332 182
0 3 60 1 317 167
0 3 60 2 317 167
0 3 60 3 319 168
0 3 61 0 338 184
0 3 61 1 322 168
0 3 61 2 320 166
0 3 61 3 323 169
0 4 0 0 335 185
0 4 0 1 320 170
0 4 0 2 319 170
0 4 0 3 317 167
0 4 1 0 408 259
0 4 1 1 387 238
0 4 1 2 389 239
0 4 1 3 387 238
0 4 2 0 309 162
0 4 2 1 288 141
0 4 2 2 290 143
0 4 2 3 290 144
0 4 3 0 336 194
0 4 3 1 316 174
0 4 3 2 319 176
0 4 3 3 316 174
0 4 4 0 290 151
0 4 4 1 275 133
0 4 4 2 273 135
0 4 4 3 272 134
0 4 5 0 290 144
0 4 5 1 273 126
0 4 5 2 276 129
0 4 5 3 271 127
0 4 6 0 312 166
0 4 6 1 295 150
0 4 6 2 293 148
0 4 6 3 293 151
0 4 7 0 324 182
0 4 7 1 308 163
0 4 7 2 302 159
0 4 7 3 306 162
0 4 8 0 296 152
0 4 8 1 276 132
0 4 8 2 277 132
0 4 8 3 276 134
0 4 9 0 439 287
0 4 9 1 414 267
0 4 9 2 409 265
0 4 9 3 415 266
0 4 11 0 340 193
0 4 11 1 321 174
0 4 11 2 319 171
0 4 11 3 318 174
0 4 12 0 288 148
0 4 12 1 272 132
0 4 12 2 271 131
0 4 12 3 271 132
0 4 13 0 361 207
0 4 13 1 341 191
0 4 13 2 340 188
0 4 13 3 341 188
0 4 14 0 346 202
0 4 14 1 327 181
0 4 14 2 325 181
0 4 14 3 325 179
0 4 15 0 312 165
0 4 15 1 293 148
0 4 15 2 294 148
0 4 15 3 295 150
0 4 16 0 306 168
0 4 16 1 291 151
0 4 16 2 291 152
0 4 16 3 293 154
0 4 17 0 338 187
0 4 17 1 322 169
0 4 17 2 321 169
0 4 17 3 320 169
0 4 18 0 737 733
0 4 18 1 760 756
0 4 18 2 788 188
0 4 18 3 747 264
0 4 19 0 314 166
0 4 19 1 294 145
0 4 19 2 294 145
0 4 19 3 294 146
0 4 20 0 318 171
0 4 20 1 301 150
0 4 20 2 299 151
0 4 20 3 299 151
0 4 21 0 314 174
0 4 21 1 297 154
0 4 21 2 295 151
0 4 21 3 292 152
0 4 22 0 1022 0
0 4 22 1 1021 13
0 4 22 2 1018 6
0 4 22 3 1017 19
0 4 23 0 327 178
0 4 23 1 308 157
0 4 23 2 305 155
0 4 23 3 310 161
0 4 24 0 308 164
0 4 24 1 287 143
0 4 24 2 291 145
0 4 24 3 292 148
0 4 25 0 316 170
0 4 25 1 300 152
0 4 25 2 298 150
0 4 25 3 298 148
0 4 27 0 388 245
0 4 27 1 371 229
0 4 27 2 373 229
0 4 27 3 371 229
0 4 29 0 308 164
0 4 29 1 287 144
0 4 29 2 285 144
0 4 29 3 289 147
0 4 30 0 386 235
0 4 30 1 363 214
0 4 30 2 365 215
0 4 30 3 362 212
0 4 31 0 291 148
0 4 31 1 276 131
0 4 31 2 279 136
0 4 31 3 277 133
0 4 32 0 328 188
0 4 32 1 311 170
0 4 32 2 312 171
0 4 32 3 312 171
0 4 33 0 317 179
0 4 33 1 300 162
0 4 33 2 299 159
0 4 33 3 301 161
0 4 34 0 329 181
0 4 34 1 311 159
0 4 34 2 309 159
0 4 34 3 311 159
0 4 35 0 361 198
0 4 35 1 342 180
0 4 35 2 338 176
0 4 35 3 339 179
0 4 36 0 299 157
0 4 36 1 285 142
0 4 36 2 280 137
0 4 36 3 284 142
0 4 37 0 319 176
0 4 37 1 300 157
0 4 37 2 299 156
0 4 37 3 298 154
0 4 38 0 358 217
0 4 38 1 339 199
0 4 38 2 337 194
0 4 38 3 342 196
0 4 39 0 319 176
0 4 39 1 302 155
0 4 39 2 302 155
0 4 39 3 302 156
0 4 40 0 345 196
0 4 40 1 325 174
0 4 40 2 326 178
0 4 40 3 326 178
0 4 41 0 321 177
0 4 41 1 306 159
0 4 41 2 303 159
0 4 41 3 301 157
0 4 42 0 328 183
0 4 42 1 311 166
0 4 42 2 315 170
0 4 42 3 312 167
0 4 43 0 430 297
0 4 43 1 414 274
0 4 43 2 412 274
0 4 43 3 421 277
0 4 44 0 301 161
0 4 44 1 281 143
0 4 44 2 282 143
0 4 44 3 281 143
0 4 45 0 336 187
0 4 45 1 320 168
0 4 45 2 316 170
0 4 45 3 316 167
0 4 46 0 337 188
0 4 46 1 320 166
0 4 46 2 319 168
0 4 46 3 319 169
0 4 47 0 330 172
0 4 47 1 310 151
0 4 47 2 309 151
0 4 47 3 310 151
0 4 48 0 338 191
0 4 48 1 320 173
0 4 48 2 319 171
0 4 48 3 320 171
0 4 49 0 373 228
0 4 49 1 353 206
0 4 49 2 354 209
0 4 49 3 354 208
0 4 50 0 306 155
0 4 50 1 292 141
0 4 50 2 290 139
0 4 50 3 290 139
0 4 52 0 295 152
0 4 52 1 276 133
0 4 52 2 276 132
0 4 52 3 278 134
0 4 53 0 390 248
0 4 53 1 375 233
0 4 53 2 369 226
0 4 53 3 370 226
0 4 54 0 339 198
0 4 54 1 323 182
0 4 54 2 322 181
0 4 54 3 322 178
0 4 55 0 327 178
0 4 55 1 307 161
0 4 55 2 305 159
0 4 55 3 309 160
0 4 56 0 355 203
0 4 56 1 339 185
0 4 56 2 337 183
0 4 56 3 336 184
0 4 57 0 1023 0
0 4 57 1 1023 0
0 4 57 2 1011 23
0 4 57 3 1016 9
0 4 58 0 301 158
0 4 58 1 283 143
0 4 58 2 284 142
0 4 58 3 281 140
0 4 59 0 372 233
0 4 59 1 356 215
0 4 59 2 356 217
0 4 59 3 356 217
0 4 60 0 375 225
0 4 60 1 353 204
0 4 60 2 352 201
0 4 60 3 355 204
0 4 61 0 339 198
0 4 61 1 318 173
0 4 61 2 316 172
0 4 61 3 317 170
0 4 62 2 216 215
0 4 62 3 245 244
0 4 63 0 304 168
0 4 63 1 218 217
0 4 63 2 274 170
0 4 63 3 237 155
0 5 0 0 301 160
0 5 0 1 292 150
0 5 0 2 291 150
0 5 0 3 289 148
0 5 1 0 301 157
0 5 1 1 289 146
0 5 1 2 287 144
0 5 1 3 285 142
0 5 2 0 340 198
0 5 2 1 328 188
0 5 2 2 325 183
0 5 2 3 325 184
0 5 3 0 345 201
0 5 3 1 332 189
0 5 3 2 334 189
0 5 3 3 334 188
0 5 4 0 340 196
0 5 4 1 324 182
0 5 4 2 325 182
0 5 4 3 325 182
0 5 5 0 312 164
0 5 5 1 298 149
0 5 5 2 300 151
0 5 5 3 301 152
0 5 6 0 299 166
0 5 6 1 286 154
0 5 6 2 287 152
0 5 6 3 286 153
0 5 7 0 325 181
0 5 7 1 310 168
0 5 7 2 311 169
0 5 7 3 311 170
0 5 8 0 330 183
0 5 8 1 319 174
0 5 8 2 316 171
0 5 8 3 317 169
0 5 9 0 291 153
0 5 9 1 279 141
0 5 9 2 279 142
0 5 9 3 281 143
0 5 10 0 314 172
0 5 10 1 301 160
0 5 10 2 301 160
0 5 10 3 300 159
0 5 11 0 317 171
0 5 11 1 303 155
0 5 11 2 302 157
0 5 11 3 300 152
0 5 12 0 307 160
0 5 12 1 295 148
0 5 12 2 296 148
0 5 12 3 295 147
0 5 13 0 296 160
0 5 13 1 284 146
0 5 13 2 284 147
0 5 13 3 284 145
0 5 14 0 298 160
0 5 14 1 285 146
0 5 14 2 285 147
0 5 14 3 284 145
0 5 15 0 313 174
0 5 15 1 301 162
0 5 15 2 299 160
0 5 15 3 300 161
0 5 16 0 321 180
0 5 16 1 307 165
0 5 16 2 305 163
0 5 16 3 304 163
0 5 17 0 293 157
0 5 17 1 283 147
0 5 17 2 282 146
0 5 17 3 281 145
0 5 18 1 214 213
0 5 19 0 287 149
0 5 19 1 277 138
0 5 19 2 274 135
0 5 19 3 274 135
0 5 20 0 306 166
0 5 20 1 297 157
0 5 20 2 297 156
0 5 20 3 295 156
0 5 21 0 319 174
0 5 21 1 305 160
0 5 21 2 306 161
0 5 21 3 306 161
0 5 22 0 309 171
0 5 22 1 299 160
0 5 22 2 297 159
0 5 22 3 298 160
0 5 23 0 343 205
0 5 23 1 331 192
0 5 23 2 330 193
0 5 23 3 330 190
0 5 24 0 306 159
0 5 24 1 293 147
0 5 24 2 292 146
0 5 24 3 292 146
0 5 25 0 323 175
0 5 25 1 309 162
0 5 25 2 308 161
0 5 25 3 308 160
0 5 26 0 321 180
0 5 26 1 310 168
0 5 26 2 307 164
0 5 26 3 310 166
0 5 27 0 314 171
0 5 27 1 303 160
0 5 27 2 301 158
0 5 27 3 302 158
0 5 28 0 347 199
0 5 28 1 337 189
0 5 28 2 336 187
0 5 28 3 335 187
0 5 29 0 324 177
0 5 29 1 310 163
0 5 29 2 310 163
0 5 29 3 311 165
0 5 30 0 325 182
0 5 30 1 310 166
0 5 30 2 311 169
0 5 30 3 312 170
0 5 31 0 315 171
0 5 31 1 302 159
0 5 31 2 302 158
0 5 31 3 301 157
0 5 32 0 314 167
0 5 32 1 299 154
0 5 32 2 300 154
0 5 32 3 300 154
0 5 33 0 314 174
0 5 33 1 302 162
0 5 33 2 302 161
0 5 33 3 301 162
0 5 35 0 300 160
0 5 35 1 288 149
0 5 35 2 285 146
0 5 35 3 286 147
0 5 37 0 331 192
0 5 37 1 321 180
0 5 37 2 320 180
0 5 37 3 320 180
0 5 39 0 315 175
0 5 39 1 303 163
0 5 39 2 301 161
0 5 39 3 302 162
0 5 41 0 304 165
0 5 41 1 292 153
0 5 41 2 291 152
0 5 41 3 291 152
0 5 43 0 384 250
0 5 43 1 371 233
0 5 43 2 370 232
0 5 43 3 370 234
0 5 45 0 315 171
0 5 45 1 299 156
0 5 45 2 300 158
0 5 45 3 300 156
0 5 47 0 327 181
0 5 47 1 313 168
0 5 47 2 314 170
0 5 47 3 312 167
0 5 49 0 282 145
0 5 49 1 270 134
0 5 49 2 269 132
0 5 49 3 267 129
0 5 50 0 310 165
0 5 50 1 299 152
0 5 50 2 299 155
0 5 50 3 297 152
0 5 51 0 309 168
0 5 51 1 295 153
0 5 51 2 294 153
0 5 51 3 293 153
0 5 53 0 319 176
0 5 53 1 308 164
0 5 53 2 308 162
0 5 53 3 306 164
0 5 54 0 308 167
0 5 54 1 297 156
0 5 54 2 297 154
0 5 54 3 295 154
0 5 55 0 320 176
0 5 55 1 308 167
0 5 55 2 307 165
0 5 55 3 309 168
0 5 56 0 314 169
0 5 56 1 304 161
0 5 56 2 303 159
0 5 56 3 303 160
0 5 57 0 319 170
0 5 57 1 306 158
0 5 57 2 303 155
0 5 57 3 306 156
0 5 59 0 308 166
0 5 59 1 296 153
0 5 59 2 295 153
0 5 59 3 295 153
0 5 60 0 317 175
0 5 60 1 304 163
0 5 60 2 302 163
0 5 60 3 306 163
0 5 61 0 305 167
0 5 61 1 295 157
0 5 61 2 295 157
0 5 61 3 294 161
0 5 62 1 295 294
0 5 63 0 328 184
0 5 63 1 316 173
0 5 63 2 318 171
0 5 63 3 315 171
0 6 0 0 319 179
0 6 0 1 307 163
0 6 0 2 304 164
0 6 0 3 305 160
0 6 1 0 308 165
0 6 1 1 296 154
0 6 1 2 296 154
0 6 1 3 296 153
0 6 2 0 324 182
0 6 2 1 311 167
0 6 2 2 310 168
0 6 2 3 310 166
0 6 3 0 289 156
0 6 3 1 278 145
0 6 3 2 276 144
0 6 3 3 277 143
0 6 4 0 300 164
0 6 4 1 290 152
0 6 4 2 288 149
0 6 4 3 289 151
0 6 5 0 332 191
0 6 5 1 318 178
0 6 5 2 316 178
0 6 5 3 317 176
0 6 6 0 336 182
0 6 6 1 320 170
0 6 6 2 320 170
0 6 6 3 319 166
0 6 7 0 317 169
0 6 7 1 305 158
0 6 7 2 304 158
0 6 7 3 306 157
0 6 8 0 306 166
0 6 8 1 293 153
0 6 8 2 292 152
0 6 8 3 294 153
0 6 9 0 319 178
0 6 9 1 312 169
0 6 9 2 311 167
0 6 9 3 312 169
0 6 10 0 339 194
0 6 10 1 327 178
0 6 10 2 324 177
0 6 10 3 324 176
0 6 11 0 327 180
0 6 11 1 316 171
0 6 11 2 313 165
0 6 11 3 315 170
0 6 12 0 321 176
0 6 12 1 306 162
0 6 12 2 307 163
0 6 12 3 306 160
0 6 13 0 312 167
0 6 13 1 300 153
0 6 13 2 299 155
0 6 13 3 300 155
0 6 14 0 317 173
0 6 14 1 302 157
0 6 14 2 303 158
0 6 14 3 301 154
0 6 15 0 294 160
0 6 15 1 283 148
0 6 15 2 282 147
0 6 15 3 281 148
0 6 16 0 300 162
0 6 16 1 289 150
0 6 16 2 289 150
0 6 16 3 290 150
0 6 17 0 309 169
0 6 17 1 298 157
0 6 17 2 297 156
0 6 17 3 298 157
0 6 18 0 289 159
0 6 18 1 279 147
0 6 18 2 278 146
0 6 18 3 276 145
0 6 19 0 315 167
0 6 19 1 301 151
0 6 19 2 297 149
0 6 19 3 296 150
0 6 20 0 320 178
0 6 20 1 309 162
0 6 20 2 308 162
0 6 20 3 307 161
0 6 21 0 314 172
0 6 21 1 303 159
0 6 21 2 300 156
0 6 21 3 302 159
0 6 22 0 316 167
0 6 22 1 303 154
0 6 22 2 300 151
0 6 22 3 301 153
0 6 23 0 309 172
0 6 23 1 298 159
0 6 23 2 296 160
0 6 23 3 296 158
0 6 24 0 308 168
0 6 24 1 297 156
0 6 24 2 294 154
0 6 24 3 293 153
0 6 25 0 303 162
0 6 25 1 292 149
0 6 25 2 292 148
0 6 25 3 292 149
0 6 26 0 326 180
0 6 26 1 311 166
0 6 26 2 310 164
0 6 26 3 309 163
0 6 27 0 326 181
0 6 27 1 310 168
0 6 27 2 311 169
0 6 27 3 308 169
0 6 28 0 312 174
0 6 28 1 299 160
0 6 28 2 298 159
0 6 28 3 299 160
0 6 29 0 289 154
0 6 29 1 278 141
0 6 29 2 277 142
0 6 29 3 277 144
0 6 30 0 326 181
0 6 30 1 311 165
0 6 30 2 310 164
0 6 30 3 310 163
0 6 31 0 309 170
0 6 31 1 299 160
0 6 31 2 296 156
0 6 31 3 298 158
0 6 32 0 312 171
0 6 32 1 303 162
0 6 32 2 300 160
0 6 32 3 301 162
0 6 33 0 319 175
0 6 33 1 305 161
0 6 33 2 305 161
0 6 33 3 305 161
0 6 34 0 338 188
0 6 34 1 326 177
0 6 34 2 322 174
0 6 34 3 322 172
0 6 35 0 294 156
0 6 35 1 280 145
0 6 35 2 282 143
0 6 35 3 281 143
0 6 36 0 325 178
0 6 36 1 311 166
0 6 36 2 312 167
0 6 36 3 311 167
0 6 37 0 312 171
0 6 37 1 299 157
0 6 37 2 298 155
0 6 37 3 296 155
0 6 38 0 319 174
0 6 38 1 304 158
0 6 38 2 303 156
0 6 38 3 301 158
0 6 39 0 318 175
0 6 39 1 303 159
0 6 39 2 301 159
0 6 39 3 302 158
0 6 40 0 317 175
0 6 40 1 304 161
0 6 40 2 299 158
0 6 40 3 301 161
0 6 41 0 308 165
0 6 41 1 297 153
0 6 41 2 297 153
0 6 41 3 297 153
0 6 42 0 327 185
0 6 42 1 314 169
0 6 42 2 313 169
0 6 42 3 313 171
0 6 43 0 344 185
0 6 43 1 327 174
0 6 43 2 326 173
0 6 43 3 329 173
0 6 44 0 291 156
0 6 44 1 283 145
0 6 44 2 279 143
0 6 44 3 283 144
0 6 45 0 318 168
0 6 45 1 305 155
0 6 45 2 306 155
0 6 45 3 306 155
0 6 46 0 336 189
0 6 46 1 322 175
0 6 46 2 320 174
0 6 46 3 322 176
0 6 47 0 332 185
0 6 47 1 317 168
0 6 47 2 316 169
0 6 47 3 317 168
0 6 48 0 322 179
0 6 48 1 312 167
0 6 48 2 307 165
0 6 48 3 311 166
0 6 49 0 310 166
0 6 49 1 295 155
0 6 49 2 297 153
0 6 49 3 299 155
0 6 50 0 294 158
0 6 50 1 283 147
0 6 50 2 282 145
0 6 50 3 282 146
0 6 51 0 320 174
0 6 51 1 308 163
0 6 51 2 309 165
0 6 51 3 307 161
0 6 52 0 333 190
0 6 52 1 319 177
0 6 52 2 319 176
0 6 52 3 319 176
0 6 53 0 341 191
0 6 53 1 329 181
0 6 53 2 328 181
0 6 53 3 326 179
0 6 54 0 311 168
0 6 54 1 295 155
0 6 54 2 296 151
0 6 54 3 295 153
0 6 55 0 304 164
0 6 55 1 294 152
0 6 55 2 293 151
0 6 55 3 294 151
0 6 56 0 318 172
0 6 56 1 302 157
0 6 56 2 303 155
0 6 56 3 305 159
0 6 57 0 314 173
0 6 57 1 298 158
0 6 57 2 300 158
0 6 57 3 299 158
0 6 58 0 327 183
0 6 58 1 313 170
0 6 58 2 313 171
0 6 58 3 312 167
0 6 59 0 301 160
0 6 59 1 287 147
0 6 59 2 289 148
0 6 59 3 287 147
0 6 60 0 305 163
0 6 60 1 293 151
0 6 60 2 292 149
0 6 60 3 296 154
0 6 61 0 319 174
0 6 61 1 306 159
0 6 61 2 307 163
0 6 61 3 303 159
0 6 62 0 345 194
0 6 62 1 329 180
0 6 62 2 327 178
0 6 62 3 328 178
0 6 63 0 322 176
0 6 63 1 306 161
0 6 63 2 308 163
0 6 63 3 308 163
0 7 0 0 304 161
0 7 0 1 289 146
0 7 0 2 289 145
0 7 0 3 290 146
0 7 1 0 289 149
0 7 1 1 275 134
0 7 1 2 275 135
0 7 1 3 275 134
0 7 2 0 1022 1
0 7 2 1 1020 1
0 7 2 2 994 0
0 7 2 3 1020 5
0 7 3 0 425 273
0 7 3 1 412 261
0 7 3 2 411 259
0 7 3 3 413 260
0 7 4 0 350 202
0 7 4 1 337 187
0 7 4 2 335 188
0 7 4 3 334 185
0 7 5 0 304 168
0 7 5 1 289 154
0 7 5 2 293 156
0 7 5 3 291 156
0 7 6 0 305 161
0 7 6 1 291 148
0 7 6 2 290 147
0 7 6 3 290 148
0 7 7 0 305 163
0 7 7 1 289 148
0 7 7 2 289 148
0 7 7 3 285 143
0 7 8 0 328 182
0 7 8 1 314 167
0 7 8 2 312 168
0 7 8 3 312 169
0 7 9 0 373 221
0 7 9 1 360 208
0 7 9 2 359 208
0 7 9 3 360 209
0 7 10 0 386 239
0 7 10 1 372 225
0 7 10 2 374 225
0 7 10 3 368 221
0 7 11 0 363 212
0 7 11 1 349 197
0 7 11 2 346 195
0 7 11 3 346 194
0 7 12 0 410 263
0 7 12 1 398 252
0 7 12 2 394 248
0 7 12 3 398 249
0 7 13 0 320 174
0 7 13 1 307 163
0 7 13 2 308 163
0 7 13 3 306 161
0 7 15 0 316 176
0 7 15 1 304 161
0 7 15 2 303 162
0 7 15 3 304 162
0 7 16 0 295 151
0 7 16 1 283 138
0 7 16 2 282 139
0 7 16 3 282 137
0 7 17 0 367 219
0 7 17 1 351 201
0 7 17 2 349 201
0 7 17 3 349 201
0 7 18 0 356 210
0 7 18 1 342 196
0 7 18 2 339 193
0 7 18 3 343 194
0 7 19 0 274 132
0 7 19 1 258 116
0 7 19 2 259 116
0 7 19 3 257 117
0 7 21 0 401 258
0 7 21 1 390 246
0 7 21 2 389 246
0 7 21 3 391 248
0 7 22 0 321 180
0 7 22 1 307 166
0 7 22 2 305 165
0 7 22 3 304 162
0 7 23 0 292 150
0 7 23 1 281 139
0 7 23 2 279 137
0 7 23 3 279 138
0 7 24 0 327 187
0 7 24 1 315 175
0 7 24 2 314 175
0 7 24 3 312 173
0 7 25 0 289 146
0 7 25 1 275 130
0 7 25 2 274 129
0 7 25 3 273 128
0 7 26 0 319 167
0 7 26 1 307 155
0 7 26 2 307 155
0 7 26 3 309 157
0 7 27 0 328 185
0 7 27 1 315 173
0 7 27 2 317 174
0 7 27 3 314 172
0 7 28 0 279 138
0 7 28 1 264 123
0 7 28 2 264 123
0 7 28 3 266 125
0 7 29 0 462 324
0 7 29 1 459 310
0 7 29 2 452 315
0 7 29 3 452 311
0 7 30 0 274 139
0 7 30 1 265 128
0 7 30 2 264 127
0 7 30 3 264 129
0 7 32 0 386 257
0 7 32 1 377 229
0 7 32 2 372 226
0 7 32 3 378 235
0 7 33 0 307 160
0 7 33 1 290 141
0 7 33 2 289 142
0 7 33 3 291 142
0 7 34 0 281 136
0 7 34 1 266 121
0 7 34 2 265 119
0 7 34 3 262 118
0 7 35 0 288 146
0 7 35 1 274 134
0 7 35 2 276 135
0 7 35 3 274 133
0 7 36 0 306 169
0 7 36 1 292 152
0 7 36 2 294 155
0 7 36 3 296 154
0 7 37 0 303 156
0 7 37 1 289 142
0 7 37 2 288 141
0 7 37 3 288 144
0 7 38 0 351 200
0 7 38 1 339 187
0 7 38 2 338 187
0 7 38 3 337 187
0 7 39 0 337 190
0 7 39 1 322 174
0 7 39 2 320 173
0 7 39 3 323 174
0 7 40 0 295 156
0 7 40 1 282 144
0 7 40 2 282 141
0 7 40 3 283 144
0 7 41 0 365 212
0 7 41 1 349 196
0 7 41 2 347 194
0 7 41 3 351 197
0 7 42 0 464 303
0 7 42 1 450 292
0 7 42 2 446 291
0 7 42 3 443 289
0 7 43 0 290 155
0 7 43 1 280 141
0 7 43 2 278 138
0 7 43 3 279 141
0 7 44 0 313 163
0 7 44 1 302 151
0 7 44 2 301 150
0 7 44 3 300 149
0 7 45 0 302 164
0 7 45 1 291 149
0 7 45 2 291 148
0 7 45 3 291 151
0 7 46 0 297 150
0 7 46 1 284 138
0 7 46 2 282 137
0 7 46 3 285 139
0 7 47 0 376 219
0 7 47 1 362 205
0 7 47 2 361 209
0 7 47 3 364 204
0 7 48 0 419 269
0 7 48 1 406 256
0 7 48 2 410 258
0 7 48 3 408 255
0 7 49 0 293 147
0 7 49 1 279 136
0 7 49 2 277 134
0 7 49 3 277 134
0 7 50 0 344 197
0 7 50 1 332 185
0 7 50 2 332 185
0 7 50 3 333 187
0 7 51 0 270 124
0 7 51 1 256 110
0 7 51 2 257 112
0 7 51 3 257 112
0 7 52 0 339 190
0 7 52 1 327 177
0 7 52 2 322 176
0 7 52 3 325 176
0 7 53 0 299 166
0 7 53 1 288 154
0 7 53 2 283 149
0 7 53 3 286 152
0 7 54 0 296 155
0 7 54 1 282 140
0 7 54 2 281 142
0 7 54 3 283 143
0 7 55 0 294 154
0 7 55 1 284 143
0 7 55 2 282 143
0 7 55 3 282 143
0 7 56 0 279 139
0 7 56 1 265 124
0 7 56 2 265 124
0 7 56 3 265 124
0 7 57 0 332 183
0 7 57 1 318 169
0 7 57 2 319 169
0 7 57 3 320 170
0 7 58 0 289 144
0 7 58 1 279 134
0 7 58 2 278 134
0 7 58 3 277 131
0 7 59 0 303 157
0 7 59 1 290 143
0 7 59 2 289 144
0 7 59 3 293 146
0 7 60 0 340 186
0 7 60 1 326 173
0 7 60 2 324 171
0 7 60 3 325 173
0 7 61 0 292 157
0 7 61 1 278 141
0 7 61 2 278 143
0 7 61 3 278 143
0 7 62 0 345 193
0 7 62 1 334 181
0 7 62 2 334 182
0 7 62 3 333 179
0 7 63 0 337 184
0 7 63 1 321 171
0 7 63 2 318 166
0 7 63 3 317 163
