# Generated from RUN_1, SubRUNs 0-6
0 0 0 410 468
0 0 1 453 514
0 0 2 441 505
0 0 3 423 480
0 0 4 425 482
0 0 5 410 491
0 0 6 416 472
0 0 7 498 565
0 0 8 400 452
0 0 9 459 525
0 0 10 379 431
0 0 11 434 496
0 0 12 476 539
0 0 13 494 559
0 0 14 442 532
0 0 15 442 502
0 0 16 472 534
0 0 17 441 496
0 0 18 424 485
0 0 19 433 489
0 0 20 428 536
0 0 21 392 445
0 0 22 449 513
0 0 23 428 480
0 0 24 403 471
0 0 25 457 521
0 0 26 0 1023
0 0 27 441 496
0 0 28 0 1023
0 0 29 448 502
0 0 31 450 503
0 0 32 450 507
0 0 33 447 508
0 0 34 393 446
0 0 35 456 509
0 0 36 459 516
0 0 37 494 553
0 0 38 444 503
0 0 39 504 562
0 0 40 492 557
0 0 41 422 477
0 0 42 526 593
0 0 43 458 512
0 0 44 439 497
0 0 45 446 504
0 0 46 414 463
0 0 47 412 470
0 0 48 430 484
0 0 49 421 473
0 0 50 410 474
0 0 51 431 486
0 0 52 488 555
0 0 53 431 498
0 0 54 494 556
0 0 55 504 566
0 0 56 473 530
0 0 57 415 473
0 0 58 450 510
0 0 59 369 419
0 0 61 440 525
0 1 0 461 517
0 1 1 458 513
0 1 2 450 508
0 1 3 492 572
0 1 4 429 463
0 1 5 453 511
0 1 6 484 545
0 1 7 392 444
0 1 8 509 574
0 1 9 391 444
0 1 10 395 449
0 1 11 409 462
0 1 12 480 551
0 1 13 392 449
0 1 14 428 484
0 1 15 493 559
0 1 16 363 411
0 1 17 423 477
0 1 18 472 533
0 1 19 451 509
0 1 20 446 502
0 1 21 437 495
0 1 22 510 585
0 1 23 468 536
0 1 24 459 518
0 1 25 446 505
0 1 26 379 427
0 1 27 371 417
0 1 28 425 481
0 1 29 435 497
0 1 30 431 487
0 1 31 454 510
0 1 33 405 457
0 1 35 427 485
0 1 37 432 490
0 1 39 448 508
0 1 41 501 566
0 1 43 471 534
0 1 45 458 536
0 1 47 438 493
0 1 49 478 545
0 1 50 466 563
0 1 51 413 475
0 1 53 503 578
0 1 54 425 489
0 1 55 497 578
0 1 56 503 588
0 1 57 449 512
0 1 59 483 550
0 1 60 438 510
0 1 61 383 522
0 2 0 426 480
0 2 1 436 499
0 2 2 454 522
0 2 3 365 425
0 2 4 418 476
0 2 5 377 459
0 2 6 423 483
0 2 7 383 436
0 2 8 349 396
0 2 9 404 462
0 2 10 361 412
0 2 11 416 470
0 2 12 437 496
0 2 13 408 465
0 2 14 373 443
0 2 15 406 464
0 2 16 487 546
0 2 17 377 425
0 2 18 457 523
0 2 19 399 451
0 2 20 398 502
0 2 21 393 434
0 2 22 450 519
0 2 23 436 485
0 2 24 397 459
0 2 25 431 484
0 2 26 0 1023
0 2 27 402 449
0 2 28 0 1023
0 2 29 397 445
0 2 31 454 509
0 2 32 407 468
0 2 33 465 527
0 2 35 446 502
0 2 36 364 415
0 2 37 433 488
0 2 38 373 419
0 2 39 433 484
0 2 40 440 499
0 2 41 411 472
0 2 43 249 437
0 2 44 351 392
0 2 45 460 519
0 2 46 396 444
0 2 47 422 475
0 2 48 452 510
0 2 49 408 458
0 2 51 460 517
0 2 52 406 458
0 2 53 391 442
0 2 55 417 472
0 2 56 217 449
0 2 57 410 470
0 2 58 381 431
0 2 59 439 500
0 2 61 463 554
0 3 0 500 590
0 3 1 501 580
0 3 2 522 601
0 3 3 498 605
0 3 4 537 628
0 3 5 508 583
0 3 6 451 518
0 3 7 573 665
0 3 8 475 548
0 3 9 480 554
0 3 10 471 547
0 3 11 485 573
0 3 12 454 533
0 3 13 513 585
0 3 14 457 530
0 3 15 465 545
0 3 16 573 663
0 3 17 427 499
0 3 18 477 549
0 3 19 508 591
0 3 20 452 526
0 3 21 480 568
0 3 22 503 588
0 3 23 529 627
0 3 24 448 525
0 3 25 460 544
0 3 26 480 558
0 3 27 470 551
0 3 28 420 496
0 3 29 453 534
0 3 30 511 603
0 3 31 474 559
0 3 33 430 498
0 3 35 461 535
0 3 37 411 485
0 3 39 494 581
0 3 41 497 581
0 3 43 434 508
0 3 45 441 544
0 3 47 474 559
0 3 49 452 543
0 3 50 405 540
0 3 51 422 509
0 3 53 434 518
0 3 54 453 549
0 3 55 454 541
0 3 56 535 647
0 3 57 502 590
0 3 59 466 552
0 3 60 443 529
0 3 61 375 525
0 4 0 531 615
0 4 1 616 723
0 4 2 574 674
0 4 3 673 875
0 4 4 599 690
0 4 5 562 673
0 4 6 550 635
0 4 7 548 641
0 4 8 526 598
0 4 9 580 669
0 4 10 183 183
0 4 11 555 630
0 4 12 497 565
0 4 13 579 655
0 4 14 551 667
0 4 15 562 630
0 4 16 604 695
0 4 17 720 879
0 4 18 0 1023
0 4 19 618 717
0 4 20 485 621
0 4 21 616 688
0 4 22 567 652
0 4 23 522 589
0 4 24 572 666
0 4 25 550 619
0 4 26 1 1023
0 4 27 507 572
0 4 28 2 1022
0 4 29 454 518
0 4 31 563 635
0 4 32 529 607
0 4 33 550 626
0 4 34 557 649
0 4 35 477 536
0 4 36 557 653
0 4 37 610 748
0 4 38 502 574
0 4 39 585 659
0 4 40 552 631
0 4 41 570 647
0 4 42 554 629
0 4 43 0 1023
0 4 44 573 644
0 4 45 569 642
0 4 46 604 679
0 4 47 528 594
0 4 48 549 630
0 4 49 430 483
0 4 50 536 609
0 4 52 497 571
0 4 53 588 687
0 4 54 622 708
0 4 55 531 616
0 4 56 549 619
0 4 57 605 712
0 4 58 601 753
0 4 59 516 588
0 4 61 507 623
0 5 0 398 527
0 5 1 422 504
0 5 2 369 417
0 5 3 400 472
0 5 4 404 456
0 5 5 393 441
0 5 6 439 560
0 5 7 361 409
0 5 8 383 433
0 5 9 337 383
0 5 10 391 442
0 5 11 375 433
0 5 12 394 443
0 5 13 406 465
0 5 14 360 421
0 5 15 436 496
0 5 16 376 429
0 5 17 361 409
0 5 19 383 431
0 5 20 396 454
0 5 21 402 554
0 5 22 393 446
0 5 23 366 417
0 5 24 304 360
0 5 25 326 375
0 5 26 401 452
0 5 27 388 451
0 5 28 406 463
0 5 29 380 431
0 5 30 378 451
0 5 31 394 448
0 5 33 425 545
0 5 35 343 393
0 5 37 365 415
0 5 39 382 435
0 5 41 400 458
0 5 43 438 543
0 5 45 355 426
0 5 47 392 447
0 5 49 391 457
0 5 50 343 427
0 5 51 396 455
0 5 53 360 418
0 5 54 343 390
0 5 55 367 437
0 5 56 372 435
0 5 57 376 430
0 5 59 382 441
0 5 60 368 449
0 5 61 333 442
0 6 0 391 410
0 6 1 354 395
0 6 2 391 402
0 6 3 404 451
0 6 4 410 474
0 6 6 411 436
0 6 7 438 491
0 6 8 385 404
0 6 9 401 445
0 6 10 446 510
0 6 11 358 400
0 6 13 397 451
0 6 14 410 433
0 6 15 436 483
0 6 17 446 494
0 6 19 463 502
0 6 21 478 501
0 6 23 450 507
0 6 24 367 387
0 6 25 398 437
0 6 26 401 414
0 6 27 428 471
0 6 32 411 452
0 6 33 420 423
0 6 34 401 439
0 6 35 351 388
0 6 37 406 449
0 6 38 462 481
0 6 40 405 428
0 6 41 376 418
0 6 42 444 486
0 6 43 409 449
0 6 49 434 475
0 6 51 434 476
0 6 53 435 481
0 6 55 401 437
0 7 1 368 409
0 7 2 412 458
0 7 5 429 474
0 7 6 503 610
0 7 7 0 1023
0 7 8 341 380
0 7 9 498 554
0 7 10 451 498
0 7 13 470 619
0 7 17 389 431
0 7 18 403 451
0 7 21 470 520
0 7 22 422 472
0 7 23 471 543
0 7 24 452 500
0 7 25 392 431
0 7 26 431 503
0 7 27 488 532
0 7 28 386 439
0 7 29 0 1023
0 7 30 426 480
0 7 33 464 533
0 7 35 433 477
0 7 37 490 548
0 7 39 398 441
0 7 46 389 436
0 7 50 460 517
0 7 51 454 519
0 7 53 405 451
0 7 57 422 474
