# Generated by run 51
# Q =  p0 + p1 \cdot eFine
# gemroc tiger channel p0 p1
0 0 0 45.0 -0.12513430074579407
0 0 1 45.0 -0.11287712585034014
0 0 2 45.0 -0.1182665195808053
0 0 3 45.0 -0.09729605322305135
0 0 4 45.0 -0.09659737802405731
0 0 5 45.0 -0.09718568683078613
0 0 6 45.0 -0.09891940186212733
0 0 7 45.0 -0.08318720934701565
0 0 8 45.0 -0.10320656112912456
0 0 9 45.0 -0.0891214098674093
0 0 10 45.0 -0.1086861276156032
0 0 11 45.0 -0.09430735397607319
0 0 12 45.0 -0.0859697686540235
0 0 13 45.0 -0.08366847465563663
0 0 15 45.0 -0.0923177473521054
0 0 17 45.0 -0.09418423915408382
0 0 19 45.0 -0.09581867280534774
0 0 21 45.0 -0.10518897174254317
0 0 22 45.0 -0.09116377551020409
0 0 23 45.0 -0.09659737802405731
0 0 24 45.0 -0.10054103140085073
0 0 25 45.0 -0.08985341323387672
0 0 26 45.0 -0.08419252374217014
0 0 27 45.0 -0.09350130821559394
0 0 28 45.0 -0.1044453405458569
0 0 29 45.0 -0.09212339419978519
0 0 31 45.0 -0.09260462927309289
0 0 32 45.0 -0.09241089573904876
0 0 33 45.0 -0.09221797111328875
0 0 34 45.0 -0.1046739529935197
0 0 35 45.0 -0.09078550258277585
0 0 36 45.0 -0.09106053850111473
0 0 37 45.0 -0.08334973760932946
0 0 39 45.0 -0.08303084241215283
0 0 40 45.0 -0.08287615955473099
0 0 41 45.0 -0.0972413605442177
0 0 42 45.0 -0.07873869547819129
0 0 43 45.0 -0.09038109559613318
0 0 44 45.0 -0.09430735397607319
0 0 45 45.0 -0.09260462927309289
0 0 46 45.0 -0.10039183673469389
0 0 47 45.0 -0.09855543298400442
0 0 48 45.0 -0.09644630603333038
0 0 49 45.0 -0.0985991253644315
0 0 50 45.0 -0.09869200093830635
0 0 51 45.0 -0.09575188675032377
0 0 52 45.0 -0.08384964923469387
0 0 53 45.0 -0.09310343030829353
0 0 54 45.0 -0.08398965881938188
0 0 55 45.0 -0.08256524890329964
0 0 56 45.0 -0.08816847936779502
0 0 57 45.0 -0.09877790574469066
0 0 58 45.0 -0.09183452840595699
0 0 59 45.0 -0.11134506932544011
0 0 60 45.0 -0.09410454246214615
0 0 61 45.0 -0.09125224489795919
0 1 0 45.0 -0.09022394277298548
0 1 1 45.0 -0.09097424583138869
0 1 2 45.0 -0.09212339419978519
0 1 3 45.0 -0.08319127803212541
0 1 4 45.0 -0.09993757503001201
0 1 5 45.0 -0.09192985765734865
0 1 6 45.0 -0.0861390004820826
0 1 7 45.0 -0.10592903636274655
0 1 8 45.0 -0.0813357104923754
0 1 9 45.0 -0.10544243914433243
0 1 10 45.0 -0.1046739529935197
0 1 11 45.0 -0.10248818599365501
0 1 12 45.0 -0.0857716663364375
0 1 13 45.0 -0.1041871720116618
0 1 14 45.0 -0.09708221574344024
0 1 15 45.0 -0.08350171675475483
0 1 16 45.0 -0.11357412806392397
0 1 17 45.0 -0.0983795282032635
0 1 18 45.0 -0.08816847936779502
0 1 19 45.0 -0.0940234627473549
0 1 20 45.0 -0.09338775510204082
0 1 21 45.0 -0.0949944261575598
0 1 22 45.0 -0.08134881798023078
0 1 23 45.0 -0.08834481632653061
0 1 24 45.0 -0.09007886544448289
0 1 25 45.0 -0.0923177473521054
0 1 26 45.0 -0.10951790920449812
0 1 27 45.0 -0.11211271107427744
0 1 28 45.0 -0.09707128878948841
0 1 29 45.0 -0.09370152514967443
0 1 30 45.0 -0.09561474478432798
0 1 31 45.0 -0.09202585034013606
0 1 32 45.0 -0.10271283489699197
0 1 33 45.0 -0.10176421452301851
0 1 34 45.0 -0.10493672001174571
0 1 35 45.0 -0.09596186895810957
0 1 36 45.0 -0.09070309684448728
0 1 37 45.0 -0.0955428214954104
0 1 38 45.0 -0.09443315103819305
0 1 39 45.0 -0.09463933695749042
0 1 40 45.0 -0.08529943907387516
0 1 41 45.0 -0.08350171675475483
0 1 42 45.0 -0.10246066923189323
0 1 43 45.0 -0.08858018673056267
0 1 44 45.0 -0.10544243914433243
0 1 45 45.0 -0.08840123685837972
0 1 46 45.0 -0.09948740577312007
0 1 47 45.0 -0.09561127308066085
0 1 48 45.0 -0.09729605322305135
0 1 49 45.0 -0.08644306881265226
0 1 50 45.0 -0.08527491923410291
0 1 51 45.0 -0.0990013851694524
0 1 52 45.0 -0.0800951873286628
0 1 53 45.0 -0.08148717364040589
0 1 54 45.0 -0.0961727741646109
0 1 55 45.0 -0.08180075585789873
0 1 56 45.0 -0.08060658423953523
0 1 57 45.0 -0.0916440003387247
0 1 58 45.0 -0.0909555517122103
0 1 59 45.0 -0.08496817911630672
0 1 60 45.0 -0.0925129222936532
0 1 61 45.0 -0.09332830523513753
0 2 0 45.0 -0.09492106777635133
0 2 1 45.0 -0.09212339419978519
0 2 2 45.0 -0.08792051993211078
0 2 3 45.0 -0.1080009979541939
0 2 4 45.0 -0.09681108903738488
0 2 5 45.0 -0.1032019436345967
0 2 6 45.0 -0.09533466720021343
0 2 7 45.0 -0.10493672001174571
0 2 9 45.0 -0.09948740577312007
0 2 10 45.0 -0.11239798514825779
0 2 11 45.0 -0.097457933730285
0 2 12 45.0 -0.09290575848173664
0 2 13 45.0 -0.09877790574469066
0 2 15 45.0 -0.09945139146567718
0 2 17 45.0 -0.1075150178007321
0 2 19 45.0 -0.10201479945326862
0 2 21 45.0 -0.1041871720116618
0 2 22 45.0 -0.08959920519932112
0 2 23 45.0 -0.09479057545765088
0 2 24 45.0 -0.10173227584872811
0 2 25 45.0 -0.09456171896071204
0 2 26 45.0 -0.09690975261436402
0 2 27 45.0 -0.10248818599365501
0 2 28 45.0 -0.09887726625533935
0 2 29 45.0 -0.10296598639455783
0 2 31 45.0 -0.08985341323387672
0 2 32 45.0 -0.09681108903738488
0 2 33 45.0 -0.08716855028864136
0 2 35 45.0 -0.0916440003387247
0 2 36 45.0 -0.12042751690341792
0 2 37 45.0 -0.09410454246214615
0 2 38 45.0 -0.10912372130897247
0 2 39 45.0 -0.09438548752834468
0 2 40 45.0 -0.09202585034013606
0 2 41 45.0 -0.09794325535092087
0 2 43 45.0 -0.09451104156565435
0 2 44 45.0 -0.11563457634362646
0 2 45 45.0 -0.08852186004662387
0 2 46 45.0 -0.10247918558524112
0 2 47 45.0 -0.09708221574344024
0 2 48 45.0 -0.0903321230332624
0 2 49 45.0 -0.09967793222072428
0 2 51 45.0 -0.08887808483554388
0 2 52 45.0 -0.09945139146567718
0 2 53 45.0 -0.1032042741624952
0 2 55 45.0 -0.09659737802405731
0 2 56 45.0 -0.09638460846893825
0 2 57 45.0 -0.0983795282032635
0 2 58 45.0 -0.10569713102632358
0 2 59 45.0 -0.09183452840595699
0 2 60 45.0 -0.11078129682252648
0 2 61 45.0 -0.08515681007176938
0 2 62 45.0 -0.1010141656662665
0 2 63 45.0 -0.1041802079322295
0 3 0 45.0 -0.08029103164201461
0 3 1 45.0 -0.08060658423953523
0 3 2 45.0 -0.0774488712299079
0 3 3 45.0 -0.07758619192357795
0 3 4 45.0 -0.07321759514616658
0 3 5 45.0 -0.08016770991518204
0 3 6 45.0 -0.08948591461124328
0 3 7 45.0 -0.07046475401754905
0 3 8 45.0 -0.08511061303133971
0 3 9 45.0 -0.08415117739403453
0 3 10 45.0 -0.0843133183909402
0 3 11 45.0 -0.08071660396001976
0 3 12 45.0 -0.0871250654107797
0 3 13 45.0 -0.07944677727205991
0 3 14 45.0 -0.08716855028864136
0 3 16 45.0 -0.07001377959183673
0 3 17 45.0 -0.09290575848173664
0 3 18 45.0 -0.08511061303133971
0 3 19 45.0 -0.07895230660570239
0 3 20 45.0 -0.08858018673056267
0 3 21 45.0 -0.08225774332079201
0 3 22 45.0 -0.07814037900874636
0 3 23 45.0 -0.07486848841231408
0 3 24 45.0 -0.08869961478567331
0 3 25 45.0 -0.08580120048019207
0 3 26 45.0 -0.08350171675475483
0 3 27 45.0 -0.08382875908984283
0 3 28 45.0 -0.09438548752834468
0 3 29 45.0 -0.08630889989131747
0 3 30 45.0 -0.07731203576837095
0 3 31 45.0 -0.08319127803212541
0 3 32 45.0 -0.08132235708542329
0 3 33 45.0 -0.0925129222936532
0 3 34 45.0 -0.07916202179796651
0 3 35 45.0 -0.0861390004820826
0 3 36 45.0 -0.08319127803212541
0 3 37 45.0 -0.0949944261575598
0 3 38 45.0 -0.07781834169933682
0 3 39 45.0 -0.0793861104881513
0 3 40 45.0 -0.09221797111328875
0 3 41 45.0 -0.07902040816326532
0 3 42 45.0 -0.077359734086279
0 3 43 45.0 -0.08985341323387672
0 3 44 45.0 -0.08781790887329087
0 3 45 45.0 -0.08496817911630672
0 3 46 45.0 -0.08002247855664005
0 3 47 45.0 -0.08225774332079201
0 3 48 45.0 -0.0864794708397193
0 3 49 45.0 -0.08546603954081633
0 3 50 45.0 -0.08804549747464378
0 3 51 45.0 -0.09145426120758864
0 3 52 45.0 -0.08546603954081633
0 3 53 45.0 -0.09014777176176594
0 3 54 45.0 -0.08382875908984283
0 3 55 45.0 -0.08627423469387756
0 3 56 45.0 -0.07256817951061022
0 3 57 45.0 -0.07887930029154519
0 3 58 45.0 -0.0891214098674093
0 3 59 45.0 -0.08397796228757663
0 3 60 45.0 -0.08764366699060577
0 3 61 45.0 -0.08950994629430721
0 3 63 45.0 -0.1010141656662665
0 4 0 45.0 -0.0774488712299079
0 4 1 45.0 -0.06444567340927534
0 4 2 45.0 -0.07280967095656898
0 4 3 45.0 -0.062068953538862354
0 4 4 45.0 -0.06784280968201234
0 4 5 45.0 -0.07070932516562906
0 4 6 45.0 -0.07391657473800331
0 4 7 45.0 -0.07655530010964524
0 4 8 45.0 -0.0777683242311009
0 4 9 45.0 -0.07046475401754905
0 4 10 45.0 -0.044810255358424776
0 4 11 45.0 -0.07474180738285162
0 4 12 45.0 -0.0827198654742796
0 4 13 45.0 -0.0708068159302556
0 4 15 45.0 -0.07411477879742502
0 4 17 45.0 -0.05929182303794001
0 4 19 45.0 -0.06482757369614513
0 4 21 45.0 -0.0680622621930128
0 4 22 45.0 -0.07208997074942003
0 4 23 45.0 -0.07870254000880929
0 4 24 45.0 -0.07371567402471192
0 4 25 45.0 -0.07550839002267574
0 4 26 45.0 -0.08303604660254907
0 4 27 45.0 -0.08210484788711024
0 4 28 45.0 -0.081018348273889
0 4 29 45.0 -0.08930329029571013
0 4 31 45.0 -0.07354388612587892
0 4 32 45.0 -0.07845898430420126
0 4 33 45.0 -0.07563768521107074
0 4 34 45.0 -0.07454618781072907
0 4 35 45.0 -0.08747011517478279
0 4 36 45.0 -0.07525141723356009
0 4 37 45.0 -0.0706758530612245
0 4 39 45.0 -0.0709027418350968
0 4 40 45.0 -0.07423934145086607
0 4 41 45.0 -0.07241378387420543
0 4 42 45.0 -0.07416713939813213
0 4 43 45.0 -0.04386535070830716
0 4 44 45.0 -0.07337609329446065
0 4 45 45.0 -0.07411477879742502
0 4 46 45.0 -0.06880284944166346
0 4 47 45.0 -0.07814037900874636
0 4 48 45.0 -0.07454618781072907
0 4 49 45.0 -0.09686931614751164
0 4 50 45.0 -0.07676949516648765
0 4 52 45.0 -0.08240119080261663
0 4 53 45.0 -0.07161802331407195
0 4 54 45.0 -0.0671846954744339
0 4 55 45.0 -0.07814037900874636
0 4 56 45.0 -0.0753851498046027
0 4 57 45.0 -0.07001377959183673
0 4 58 45.0 -0.06945347195481967
0 4 59 45.0 -0.0798514821987189
0 4 60 45.0 -0.06482757369614513
0 4 61 45.0 -0.07795830274555865
0 5 0 45.0 -0.10082629549515659
0 5 1 45.0 -0.0972413605442177
0 5 2 45.0 -0.11239798514825779
0 5 3 45.0 -0.09922587810634459
0 5 4 45.0 -0.10176421452301851
0 5 5 45.0 -0.10468567522702861
0 5 6 45.0 -0.09310343030829353
0 5 7 45.0 -0.11307134947002057
0 5 8 45.0 -0.10705990126724006
0 5 9 45.0 -0.12236124144948839
0 5 10 45.0 -0.1041871720116618
0 5 11 45.0 -0.11043102040816327
0 5 12 45.0 -0.10592903636274655
0 5 13 45.0 -0.10152810265637578
0 5 14 45.0 -0.11425225129216178
0 5 15 45.0 -0.09202585034013606
0 5 16 45.0 -0.10885226926591532
0 5 17 45.0 -0.11220156985871273
0 5 19 45.0 -0.10890657368475028
0 5 20 45.0 -0.10393969654370062
0 5 21 45.0 -0.0983795282032635
0 5 22 45.0 -0.10517240038872692
0 5 23 45.0 -0.11134506932544011
0 5 24 45.0 -0.12938751142247945
0 5 25 45.0 -0.12407979821141941
0 5 26 45.0 -0.10149177401457037
0 5 27 45.0 -0.1041871720116618
0 5 28 45.0 -0.09993757503001201
0 5 29 45.0 -0.1080009979541939
0 5 30 45.0 -0.10393969654370062
0 5 31 45.0 -0.10344825589810393
0 5 32 45.0 -0.1086861276156032
0 5 33 45.0 -0.09708221574344024
0 5 34 45.0 -0.11078129682252648
0 5 35 45.0 -0.11700163701844375
0 5 36 45.0 -0.10062051973408954
0 5 37 45.0 -0.11050154607297465
0 5 38 45.0 -0.10896198073137885
0 5 39 45.0 -0.10863362487852284
0 5 40 45.0 -0.1022397482357429
0 5 41 45.0 -0.10200142714428428
0 5 42 45.0 -0.09471561091969255
0 5 43 45.0 -0.09270892424766518
0 5 44 45.0 -0.11515424274973148
0 5 45 45.0 -0.11070778988287044
0 5 46 45.0 -0.11700163701844375
0 5 47 45.0 -0.10344825589810393
0 5 48 45.0 -0.11134506932544011
0 5 49 45.0 -0.10271974705375109
0 5 50 45.0 -0.11191460932198967
0 5 51 45.0 -0.10129308390022676
0 5 52 45.0 -0.08930329029571013
0 5 53 45.0 -0.11106246762664457
0 5 54 45.0 -0.11890927240461402
0 5 55 45.0 -0.1093965306122449
0 5 56 45.0 -0.1072515006002401
0 5 57 45.0 -0.10698927199241555
0 5 58 45.0 -0.10646864293162521
0 5 59 45.0 -0.10595305628304591
0 5 60 45.0 -0.11070778988287044
0 5 61 45.0 -0.10958047548916475
0 6 1 45.0 -0.11365873310363107
0 6 3 45.0 -0.09967793222072428
0 6 4 45.0 -0.09394096369401152
0 6 5 45.0 -0.10873970457748318
0 6 6 45.0 -0.10344824194738136
0 6 7 45.0 -0.09173713258888462
0 6 9 45.0 -0.10152810265637578
0 6 11 45.0 -0.11249000577094591
0 6 12 45.0 -0.09221797111328875
0 6 13 45.0 -0.10152810265637578
0 6 15 45.0 -0.09378430607911956
0 6 17 45.0 -0.09106053850111473
0 6 19 45.0 -0.08966928738708599
0 6 23 45.0 -0.08882134493141519
0 6 25 45.0 -0.10247001495633715
0 6 27 45.0 -0.09533466720021343
0 6 29 45.0 -0.09789398712505136
0 6 31 45.0 -0.09561127308066085
0 6 32 45.0 -0.09873534470735902
0 6 33 45.0 -0.10344826267743633
0 6 34 45.0 -0.10271974705375109
0 6 35 45.0 -0.11515424274973148
0 6 37 45.0 -0.10059451090781141
0 6 39 45.0 -0.09533466720021343
0 6 41 45.0 -0.10777983311551222
0 6 42 45.0 -0.09310343030829353
0 6 43 45.0 -0.09896076786879135
0 6 44 45.0 -0.10369339394525583
0 6 46 45.0 -0.09463933695749042
0 6 49 45.0 -0.09540476925111298
0 6 51 45.0 -0.09492106777635133
0 6 53 45.0 -0.09398384715588363
0 6 54 45.0 -0.1027265306122449
0 6 55 45.0 -0.10271974705375109
0 6 56 45.0 -0.09492106777635133
0 6 58 45.0 -0.10010350190884668
0 6 59 45.0 -0.10295680837655727
0 6 60 45.0 -0.10393507803121249
0 7 1 45.0 -0.1090676744771983
0 7 2 45.0 -0.09589561134188189
0 7 5 45.0 -0.09479057545765088
0 7 6 45.0 -0.07924098048725889
0 7 7 45.0 -0.04345443122631376
0 7 8 45.0 -0.11637928788536692
0 7 9 45.0 -0.07982470778366595
0 7 10 45.0 -0.08941783029001074
0 7 13 45.0 -0.0799719858423074
0 7 17 45.0 -0.10176421452301851
0 7 18 45.0 -0.09789398712505136
0 7 21 45.0 -0.08644306881265226
0 7 22 45.0 -0.0949944261575598
0 7 23 45.0 -0.06603500846979109
0 7 24 45.0 -0.08738874259381171
0 7 25 45.0 -0.1027265306122449
0 7 26 45.0 -0.07885374149659866
0 7 27 45.0 -0.08350171675475483
0 7 28 45.0 -0.10344795577093717
0 7 29 45.0 -0.042221672780333584
0 7 30 45.0 -0.09330194508507028
0 7 32 45.0 -0.04181075329834019
0 7 33 45.0 -0.08482351531610688
0 7 35 45.0 -0.09378430607911956
0 7 37 45.0 -0.0810344671201814
0 7 39 45.0 -0.10059451090781141
0 7 43 45.0 -0.0934155524278677
0 7 46 45.0 -0.09561127308066085
0 7 50 45.0 -0.0880470075670718
0 7 51 45.0 -0.09129430132708823
0 7 53 45.0 -0.09811348036972636
0 7 57 45.0 -0.09350130821559394
# Enabled channels with no signal or signals overfull eFine range
0 2 8 45.0 -0.042632592262326977
0 2 34 45.0 -0.04386535070830716
0 2 42 45.0 -0.044276270190300546
0 2 50 45.0 -0.044276270190300546
0 2 54 45.0 -0.04386535070830716
0 3 15 45.0 -0.042632592262326977
0 3 62 45.0 -0.042632592262326977
0 5 18 45.0 -0.04386535070830716
# Disabled channels -- mean values are used
0 0 14 45.0 -0.08999298782351564
0 0 16 45.0 -0.08999298782351564
0 0 18 45.0 -0.08999298782351564
0 0 20 45.0 -0.08999298782351564
0 0 30 45.0 -0.08999298782351564
0 0 38 45.0 -0.08999298782351564
0 0 62 45.0 -0.08999298782351564
0 0 63 45.0 -0.08999298782351564
0 1 62 45.0 -0.08999298782351564
0 1 63 45.0 -0.08999298782351564
0 2 14 45.0 -0.08999298782351564
0 2 16 45.0 -0.08999298782351564
0 2 18 45.0 -0.08999298782351564
0 2 20 45.0 -0.08999298782351564
0 2 30 45.0 -0.08999298782351564
0 4 14 45.0 -0.08999298782351564
0 4 16 45.0 -0.08999298782351564
0 4 18 45.0 -0.08999298782351564
0 4 20 45.0 -0.08999298782351564
0 4 30 45.0 -0.08999298782351564
0 4 38 45.0 -0.08999298782351564
0 4 51 45.0 -0.08999298782351564
0 4 62 45.0 -0.08999298782351564
0 4 63 45.0 -0.08999298782351564
0 5 62 45.0 -0.08999298782351564
0 5 63 45.0 -0.08999298782351564
0 6 0 45.0 -0.08999298782351564
0 6 2 45.0 -0.08999298782351564
0 6 8 45.0 -0.08999298782351564
0 6 10 45.0 -0.08999298782351564
0 6 14 45.0 -0.08999298782351564
0 6 16 45.0 -0.08999298782351564
0 6 18 45.0 -0.08999298782351564
0 6 20 45.0 -0.08999298782351564
0 6 21 45.0 -0.08999298782351564
0 6 22 45.0 -0.08999298782351564
0 6 24 45.0 -0.08999298782351564
0 6 26 45.0 -0.08999298782351564
0 6 28 45.0 -0.08999298782351564
0 6 30 45.0 -0.08999298782351564
0 6 36 45.0 -0.08999298782351564
0 6 38 45.0 -0.08999298782351564
0 6 40 45.0 -0.08999298782351564
0 6 45 45.0 -0.08999298782351564
0 6 47 45.0 -0.08999298782351564
0 6 48 45.0 -0.08999298782351564
0 6 50 45.0 -0.08999298782351564
0 6 52 45.0 -0.08999298782351564
0 6 57 45.0 -0.08999298782351564
0 6 61 45.0 -0.08999298782351564
0 6 62 45.0 -0.08999298782351564
0 6 63 45.0 -0.08999298782351564
0 7 0 45.0 -0.08999298782351564
0 7 3 45.0 -0.08999298782351564
0 7 4 45.0 -0.08999298782351564
0 7 11 45.0 -0.08999298782351564
0 7 12 45.0 -0.08999298782351564
0 7 14 45.0 -0.08999298782351564
0 7 15 45.0 -0.08999298782351564
0 7 16 45.0 -0.08999298782351564
0 7 19 45.0 -0.08999298782351564
0 7 20 45.0 -0.08999298782351564
0 7 31 45.0 -0.08999298782351564
0 7 34 45.0 -0.08999298782351564
0 7 36 45.0 -0.08999298782351564
0 7 38 45.0 -0.08999298782351564
0 7 40 45.0 -0.08999298782351564
0 7 41 45.0 -0.08999298782351564
0 7 42 45.0 -0.08999298782351564
0 7 44 45.0 -0.08999298782351564
0 7 45 45.0 -0.08999298782351564
0 7 47 45.0 -0.08999298782351564
0 7 48 45.0 -0.08999298782351564
0 7 49 45.0 -0.08999298782351564
0 7 52 45.0 -0.08999298782351564
0 7 54 45.0 -0.08999298782351564
0 7 55 45.0 -0.08999298782351564
0 7 56 45.0 -0.08999298782351564
0 7 58 45.0 -0.08999298782351564
0 7 59 45.0 -0.08999298782351564
0 7 60 45.0 -0.08999298782351564
0 7 61 45.0 -0.08999298782351564
0 7 62 45.0 -0.08999298782351564
0 7 63 45.0 -0.08999298782351564
