0 0 0 153 291
0 0 1 156 302
0 0 2 170 318
0 0 3 151 288
0 0 4 160 303
0 0 5 151 282
0 0 6 159 300
0 0 7 160 309
0 0 8 210 270
0 0 9 161 302
0 0 10 148 280
0 0 11 159 307
0 0 12 153 292
0 0 13 167 315
0 0 14 153 296
0 0 15 158 304
0 0 16 157 304
0 0 17 147 282
0 0 18 155 302
0 0 19 148 284
0 0 20 168 317
0 0 21 142 274
0 0 22 160 305
0 0 23 151 291
0 0 24 155 293
0 0 25 156 297
0 0 26 164 310
0 0 27 159 309
0 0 28 153 298
0 0 29 153 298
0 0 30 156 296
0 0 31 166 305
0 0 32 156 301
0 0 33 162 306
0 0 34 154 297
0 0 35 160 303
0 0 36 159 306
0 0 37 174 313
0 0 38 160 307
0 0 39 173 330
0 0 40 164 308
0 0 41 156 295
0 0 42 161 311
0 0 43 163 313
0 0 44 151 289
0 0 45 167 307
0 0 46 145 282
0 0 47 149 290
0 0 48 146 283
0 0 49 148 287
0 0 50 155 295
0 0 51 154 291
0 0 52 155 302
0 0 53 161 306
0 0 54 168 312
0 0 55 162 306
0 0 56 170 321
0 0 57 152 294
0 0 58 159 299
0 0 59 145 277
0 0 60 155 296
0 0 61 150 289
0 0 62 166 304
0 0 63 152 291
0 1 0 161 306
0 1 1 151 293
0 1 2 156 293
0 1 3 174 330
0 1 4 153 295
0 1 5 160 300
0 1 6 168 319
0 1 7 152 288
0 1 8 161 304
0 1 9 149 281
0 1 10 158 301
0 1 11 152 289
0 1 12 171 323
0 1 13 152 292
0 1 14 159 299
0 1 16 155 296
0 1 17 155 293
0 1 18 172 316
0 1 19 166 315
0 1 20 163 304
0 1 21 152 292
0 1 22 165 314
0 1 23 168 310
0 1 24 155 297
0 1 25 157 295
0 1 26 150 286
0 1 27 152 292
0 1 28 160 298
0 1 29 165 314
0 1 30 155 295
0 1 31 157 299
0 1 32 154 293
0 1 33 153 293
0 1 34 165 305
0 1 35 148 281
0 1 36 160 303
0 1 37 158 301
0 1 38 153 292
0 1 39 163 294
0 1 40 157 295
0 1 41 157 301
0 1 42 160 307
0 1 43 169 316
0 1 44 161 306
0 1 45 159 306
0 1 46 158 300
0 1 47 158 294
0 1 48 164 303
0 1 49 151 292
0 1 50 165 315
0 1 51 149 283
0 1 52 163 305
0 1 53 162 313
0 1 54 163 306
0 1 55 167 296
0 1 56 161 304
0 1 57 154 296
0 1 58 164 310
0 1 59 159 296
0 1 60 153 295
0 1 61 159 303
0 1 62 183 255
0 1 63 162 307
0 2 0 161 302
0 2 1 164 309
0 2 2 168 319
0 2 3 158 304
0 2 4 161 303
0 2 5 157 297
0 2 6 162 300
0 2 7 152 287
0 2 8 175 257
0 2 9 158 295
0 2 10 160 301
0 2 11 170 313
0 2 12 157 292
0 2 13 159 299
0 2 14 149 287
0 2 15 159 300
0 2 16 168 309
0 2 17 154 293
0 2 18 166 311
0 2 19 157 296
0 2 20 154 297
0 2 21 156 293
0 2 22 157 296
0 2 23 168 312
0 2 24 161 300
0 2 25 169 310
0 2 26 168 317
0 2 27 149 289
0 2 28 158 301
0 2 29 177 321
0 2 30 151 290
0 2 31 164 306
0 2 32 170 315
0 2 33 166 314
0 2 34 205 220
0 2 35 162 310
0 2 36 157 299
0 2 37 165 309
0 2 38 150 285
0 2 39 161 305
0 2 40 161 302
0 2 41 160 304
0 2 42 207 283
0 2 43 156 297
0 2 44 155 281
0 2 45 161 302
0 2 46 154 289
0 2 47 151 289
0 2 48 163 308
0 2 49 163 307
0 2 50 232 274
0 2 51 163 310
0 2 52 150 285
0 2 53 160 303
0 2 54 195 290
0 2 55 156 290
0 2 56 153 288
0 2 57 160 300
0 2 58 159 299
0 2 59 157 299
0 2 60 167 310
0 2 61 185 339
0 2 62 161 292
0 2 63 162 163
0 3 0 159 305
0 3 1 151 295
0 3 2 152 293
0 3 3 157 300
0 3 4 158 299
0 3 5 152 292
0 3 6 152 296
0 3 7 164 317
0 3 8 159 304
0 3 9 145 284
0 3 10 145 286
0 3 11 146 284
0 3 12 155 298
0 3 13 153 296
0 3 14 143 277
0 3 15 167 247
0 3 16 174 330
0 3 17 148 285
0 3 18 154 294
0 3 19 156 297
0 3 20 148 287
0 3 21 156 303
0 3 22 159 306
0 3 23 160 311
0 3 24 144 282
0 3 25 151 287
0 3 26 144 277
0 3 27 153 296
0 3 28 155 298
0 3 29 148 286
0 3 30 158 303
0 3 31 164 315
0 3 32 156 304
0 3 33 143 282
0 3 34 147 288
0 3 35 155 297
0 3 36 155 298
0 3 37 153 294
0 3 38 165 312
0 3 39 162 308
0 3 40 163 312
0 3 41 150 289
0 3 42 157 303
0 3 43 153 296
0 3 44 161 303
0 3 45 169 321
0 3 46 160 309
0 3 47 153 298
0 3 48 142 277
0 3 49 164 315
0 3 50 155 298
0 3 51 151 295
0 3 52 159 300
0 3 53 152 296
0 3 54 153 292
0 3 55 161 308
0 3 56 169 324
0 3 57 169 322
0 3 58 142 280
0 3 59 158 301
0 3 60 164 304
0 3 61 150 288
0 3 62 181 254
0 3 63 167 306
0 4 0 133 282
0 4 1 122 275
0 4 2 194 336
0 4 3 261 402
0 4 4 142 292
0 4 5 177 326
0 4 6 138 290
0 4 7 198 344
0 4 8 197 269
0 4 9 144 286
0 4 11 165 307
0 4 12 135 279
0 4 13 161 298
0 4 14 157 298
0 4 15 171 316
0 4 16 166 319
0 4 17 252 401
0 4 19 140 293
0 4 20 162 306
0 4 21 166 306
0 4 22 160 304
0 4 23 140 284
0 4 24 171 324
0 4 25 157 299
0 4 26 164 308
0 4 27 156 298
0 4 28 153 295
0 4 29 128 258
0 4 30 188 336
0 4 31 163 314
0 4 32 176 311
0 4 33 153 298
0 4 34 178 317
0 4 35 132 271
0 4 36 195 351
0 4 37 206 340
0 4 38 143 290
0 4 39 161 308
0 4 40 146 292
0 4 41 156 297
0 4 42 163 308
0 4 43 0 1024
0 4 44 169 314
0 4 45 175 311
0 4 46 160 306
0 4 47 163 301
0 4 48 134 281
0 4 49 146 273
0 4 50 142 283
0 4 52 146 285
0 4 53 194 337
0 4 54 186 327
0 4 55 195 337
0 4 56 158 302
0 4 57 239 353
0 4 58 222 368
0 4 59 162 308
0 4 60 174 320
0 4 61 138 287
0 4 62 129 259
0 4 63 162 281
0 5 0 205 331
0 5 1 188 322
0 5 2 143 277
0 5 3 152 300
0 5 4 142 283
0 5 5 137 277
0 5 6 206 349
0 5 7 148 284
0 5 8 147 284
0 5 9 147 284
0 5 10 155 296
0 5 11 164 301
0 5 12 163 307
0 5 13 169 307
0 5 14 165 305
0 5 15 177 217
0 5 16 172 312
0 5 17 150 287
0 5 18 230 311
0 5 19 158 289
0 5 20 160 298
0 5 21 208 346
0 5 22 162 306
0 5 23 137 272
0 5 24 137 268
0 5 25 133 270
0 5 26 159 289
0 5 27 169 313
0 5 28 152 283
0 5 29 155 298
0 5 30 157 291
0 5 31 169 309
0 5 32 160 298
0 5 33 194 330
0 5 34 157 302
0 5 35 170 312
0 5 36 171 314
0 5 37 159 294
0 5 38 168 306
0 5 39 140 283
0 5 40 163 308
0 5 41 148 287
0 5 42 212 348
0 5 43 205 351
0 5 44 154 285
0 5 45 153 299
0 5 46 142 280
0 5 47 151 292
0 5 48 162 296
0 5 49 167 311
0 5 50 146 294
0 5 51 157 299
0 5 52 239 372
0 5 53 138 278
0 5 54 158 294
0 5 55 171 309
0 5 56 150 291
0 5 57 155 292
0 5 58 151 294
0 5 59 161 294
0 5 60 174 313
0 5 61 167 305
0 5 62 163 284
0 5 63 181 320
0 6 0 152 289
0 6 1 150 289
0 6 2 151 297
0 6 3 145 280
0 6 4 145 290
0 6 5 142 278
0 6 6 160 297
0 6 7 166 316
0 6 8 142 271
0 6 9 151 290
0 6 10 155 302
0 6 11 151 293
0 6 12 163 290
0 6 13 176 321
0 6 14 236 269
0 6 15 160 308
0 6 16 235 302
0 6 17 162 311
0 6 18 132 264
0 6 19 164 311
0 6 20 175 313
0 6 21 161 287
0 6 22 159 297
0 6 23 157 301
0 6 24 164 301
0 6 25 150 289
0 6 26 177 230
0 6 27 146 288
0 6 28 158 295
0 6 29 163 304
0 6 30 150 292
0 6 31 143 282
0 6 32 169 320
0 6 33 136 276
0 6 34 153 294
0 6 35 144 281
0 6 36 159 308
0 6 37 156 289
0 6 38 179 323
0 6 39 160 301
0 6 40 174 282
0 6 41 144 283
0 6 42 161 302
0 6 43 143 284
0 6 44 138 278
0 6 45 163 308
0 6 46 169 316
0 6 47 142 278
0 6 48 149 280
0 6 49 152 290
0 6 50 161 306
0 6 51 166 304
0 6 52 167 193
0 6 53 148 290
0 6 54 171 313
0 6 55 149 288
0 6 56 151 294
0 6 57 165 296
0 6 58 154 297
0 6 59 164 302
0 6 60 159 304
0 6 61 151 295
0 6 62 139 279
0 6 63 172 283
0 7 0 141 272
0 7 1 126 260
0 7 2 155 287
0 7 3 188 329
0 7 4 130 271
0 7 5 151 291
0 7 6 234 362
0 7 7 0 1024
0 7 8 118 255
0 7 9 171 312
0 7 10 143 282
0 7 11 142 285
0 7 12 133 273
0 7 13 252 379
0 7 15 137 279
0 7 16 185 326
0 7 17 131 274
0 7 18 145 284
0 7 19 150 295
0 7 21 188 337
0 7 22 125 266
0 7 23 163 316
0 7 24 159 309
0 7 25 126 266
0 7 26 175 310
0 7 27 162 308
0 7 28 140 278
0 7 30 151 286
0 7 33 182 325
0 7 34 145 289
0 7 35 150 291
0 7 36 149 302
0 7 37 172 324
0 7 38 115 251
0 7 39 148 289
0 7 40 141 281
0 7 41 156 297
0 7 42 188 321
0 7 43 145 292
0 7 44 288 372
0 7 45 171 315
0 7 46 133 270
0 7 47 145 289
0 7 48 172 321
0 7 49 131 276
0 7 50 155 294
0 7 51 172 315
0 7 52 161 300
0 7 53 149 292
0 7 54 264 412
0 7 55 155 295
0 7 56 131 269
0 7 57 144 291
0 7 58 158 293
0 7 59 182 325
0 7 60 179 325
0 7 61 145 294
0 7 62 186 321
0 7 63 141 275
